SequentialID,Name,Barcode,Well,Volume,RawDataSet1
1,,,A1,50,0.0391
1,,,A2,50,0.0553
1,,,A3,50,0.0502
1,,,A4,50,0.0503
1,,,A5,50,0.048
1,,,A6,50,0.0451
1,,,A7,50,0.0476
1,,,A8,50,0.048
1,,,A9,50,0.0471
1,,,A10,50,0.0473
1,,,A11,50,0.0501
1,,,A12,50,0.054
1,,,A13,50,0.0642
1,,,A14,50,0.0878
1,,,A15,50,0.124
1,,,A16,50,0.1334
1,,,A17,50,0.1344
1,,,A18,50,0.1326
1,,,A19,50,0.1305
1,,,A20,50,0.1391
1,,,A21,50,0.1405
1,,,A22,50,0.1454
1,,,A23,50,0.1488
1,,,A24,50,0.1486
1,,,B1,50,0.0455
1,,,B2,50,0.044
1,,,B3,50,0.0409
1,,,B4,50,0.0431
1,,,B5,50,0.0394
1,,,B6,50,0.0381
1,,,B7,50,0.0379
1,,,B8,50,0.039
1,,,B9,50,0.038
1,,,B10,50,0.0385
1,,,B11,50,0.0411
1,,,B12,50,0.0469
1,,,B13,50,0.0622
1,,,B14,50,0.0797
1,,,B15,50,0.1135
1,,,B16,50,0.1176
1,,,B17,50,0.1172
1,,,B18,50,0.1134
1,,,B19,50,0.1137
1,,,B20,50,0.1226
1,,,B21,50,0.1204
1,,,B22,50,0.1297
1,,,B23,50,0.1345
1,,,B24,50,0.1448
1,,,C1,50,0.0419
1,,,C2,50,0.0426
1,,,C3,50,0.0382
1,,,C4,50,0.0402
1,,,C5,50,0.0381
1,,,C6,50,0.0377
1,,,C7,50,0.0372
1,,,C8,50,0.0401
1,,,C9,50,0.0398
1,,,C10,50,0.0425
1,,,C11,50,0.0758
1,,,C12,50,0.1336
1,,,C13,50,0.133
1,,,C14,50,0.1353
1,,,C15,50,0.1434
1,,,C16,50,0.1055
1,,,C17,50,0.1426
1,,,C18,50,0.1494
1,,,C19,50,0.1441
1,,,C20,50,0.1426
1,,,C21,50,0.1401
1,,,C22,50,0.1429
1,,,C23,50,0.148
1,,,C24,50,0.146
1,,,D1,50,0.043
1,,,D2,50,0.0379
1,,,D3,50,0.0368
1,,,D4,50,0.0368
1,,,D5,50,0.0354
1,,,D6,50,0.0348
1,,,D7,50,0.0345
1,,,D8,50,0.0355
1,,,D9,50,0.0355
1,,,D10,50,0.0351
1,,,D11,50,0.0364
1,,,D12,50,0.0538
1,,,D13,50,0.0564
1,,,D14,50,0.0966
1,,,D15,50,0.1194
1,,,D16,50,0.1266
1,,,D17,50,0.1328
1,,,D18,50,0.1373
1,,,D19,50,0.1428
1,,,D20,50,0.1371
1,,,D21,50,0.142
1,,,D22,50,0.1415
1,,,D23,50,0.145
1,,,D24,50,0.1455
1,,,E1,50,0.0385
1,,,E2,50,0.0676
1,,,E3,50,0.0991
1,,,E4,50,0.1423
1,,,E5,50,0.1579
1,,,E6,50,0.1662
1,,,E7,50,0.1534
1,,,E8,50,0.1576
1,,,E9,50,0.1487
1,,,E10,50,0.1501
1,,,E11,50,0.1436
1,,,E12,50,0.1536
1,,,E13,50,0.1492
1,,,E14,50,0.1508
1,,,E15,50,0.1424
1,,,E16,50,0.1473
1,,,E17,50,0.1402
1,,,E18,50,0.143
1,,,E19,50,0.14
1,,,E20,50,0.1386
1,,,E21,50,0.1394
1,,,E22,50,0.14
1,,,E23,50,0.1455
1,,,E24,50,0.1478
1,,,F1,50,0.0406
1,,,F2,50,0.0489
1,,,F3,50,0.0786
1,,,F4,50,0.1054
1,,,F5,50,0.1576
1,,,F6,50,0.1597
1,,,F7,50,0.1566
1,,,F8,50,0.1474
1,,,F9,50,0.144
1,,,F10,50,0.1524
1,,,F11,50,0.1396
1,,,F12,50,0.1451
1,,,F13,50,0.1496
1,,,F14,50,0.1448
1,,,F15,50,0.143
1,,,F16,50,0.1446
1,,,F17,50,0.1412
1,,,F18,50,0.1415
1,,,F19,50,0.1417
1,,,F20,50,0.1433
1,,,F21,50,0.1423
1,,,F22,50,0.144
1,,,F23,50,0.148
1,,,F24,50,0.1447
1,,,G1,50,0.0386
1,,,G2,50,0.0431
1,,,G3,50,0.04
1,,,G4,50,0.0394
1,,,G5,50,0.0372
1,,,G6,50,0.0364
1,,,G7,50,0.0353
1,,,G8,50,0.037
1,,,G9,50,0.0376
1,,,G10,50,0.0387
1,,,G11,50,0.0872
1,,,G12,50,0.1163
1,,,G13,50,0.1084
1,,,G14,50,0.1122
1,,,G15,50,0.1212
1,,,G16,50,0.1267
1,,,G17,50,0.1299
1,,,G18,50,0.1327
1,,,G19,50,0.138
1,,,G20,50,0.1378
1,,,G21,50,0.1366
1,,,G22,50,0.1448
1,,,G23,50,0.1429
1,,,G24,50,0.142
1,,,H1,50,0.0408
1,,,H2,50,0.0404
1,,,H3,50,0.1886
1,,,H4,50,0.0383
1,,,H5,50,0.0378
1,,,H6,50,0.0354
1,,,H7,50,0.036
1,,,H8,50,0.0351
1,,,H9,50,0.0362
1,,,H10,50,0.036
1,,,H11,50,0.0452
1,,,H12,50,0.1106
1,,,H13,50,0.1094
1,,,H14,50,0.1191
1,,,H15,50,0.1245
1,,,H16,50,0.1271
1,,,H17,50,0.1289
1,,,H18,50,0.131
1,,,H19,50,0.1411
1,,,H20,50,0.1395
1,,,H21,50,0.1406
1,,,H22,50,0.1405
1,,,H23,50,0.1478
1,,,H24,50,0.1456
1,,,I1,50,0.0389
1,,,I2,50,0.0471
1,,,I3,50,0.0404
1,,,I4,50,0.0403
1,,,I5,50,0.0377
1,,,I6,50,0.0362
1,,,I7,50,0.0357
1,,,I8,50,0.0371
1,,,I9,50,0.0379
1,,,I10,50,0.0391
1,,,I11,50,0.0544
1,,,I12,50,0.1534
1,,,I13,50,0.1766
1,,,I14,50,0.1636
1,,,I15,50,0.1538
1,,,I16,50,0.1496
1,,,I17,50,0.1469
1,,,I18,50,0.1472
1,,,I19,50,0.1402
1,,,I20,50,0.1417
1,,,I21,50,0.1412
1,,,I22,50,0.144
1,,,I23,50,0.1464
1,,,I24,50,0.1469
1,,,J1,50,0.0412
1,,,J2,50,0.0422
1,,,J3,50,0.0394
1,,,J4,50,0.0386
1,,,J5,50,0.0377
1,,,J6,50,0.0355
1,,,J7,50,0.0365
1,,,J8,50,0.0361
1,,,J9,50,0.0354
1,,,J10,50,0.0358
1,,,J11,50,0.036
1,,,J12,50,0.0394
1,,,J13,50,0.0634
1,,,J14,50,0.171
1,,,J15,50,0.1543
1,,,J16,50,0.1528
1,,,J17,50,0.1444
1,,,J18,50,0.1394
1,,,J19,50,0.1389
1,,,J20,50,0.14
1,,,J21,50,0.1382
1,,,J22,50,0.1449
1,,,J23,50,0.1472
1,,,J24,50,0.1441
1,,,K1,50,0.039
1,,,K2,50,0.0418
1,,,K3,50,0.0383
1,,,K4,50,0.0392
1,,,K5,50,0.0379
1,,,K6,50,0.0365
1,,,K7,50,0.0349
1,,,K8,50,0.0374
1,,,K9,50,0.1353
1,,,K10,50,0.1471
1,,,K11,50,0.1543
1,,,K12,50,0.1578
1,,,K13,50,0.1541
1,,,K14,50,0.1502
1,,,K15,50,0.1468
1,,,K16,50,0.1464
1,,,K17,50,0.1444
1,,,K18,50,0.14
1,,,K19,50,0.1384
1,,,K20,50,0.1397
1,,,K21,50,0.138
1,,,K22,50,0.1411
1,,,K23,50,0.1428
1,,,K24,50,0.1438
1,,,L1,50,0.0429
1,,,L2,50,0.0397
1,,,L3,50,0.0376
1,,,L4,50,0.0391
1,,,L5,50,0.0384
1,,,L6,50,0.0357
1,,,L7,50,0.0359
1,,,L8,50,0.0367
1,,,L9,50,0.0991
1,,,L10,50,0.1433
1,,,L11,50,0.1481
1,,,L12,50,0.1449
1,,,L13,50,0.1528
1,,,L14,50,0.1513
1,,,L15,50,0.1461
1,,,L16,50,0.1448
1,,,L17,50,0.1429
1,,,L18,50,0.1417
1,,,L19,50,0.1419
1,,,L20,50,0.1398
1,,,L21,50,0.1406
1,,,L22,50,0.1416
1,,,L23,50,0.1454
1,,,L24,50,0.1439
1,,,M1,50,0.0409
1,,,M2,50,0.0451
1,,,M3,50,0.0411
1,,,M4,50,0.0403
1,,,M5,50,0.0391
1,,,M6,50,0.0372
1,,,M7,50,0.0366
1,,,M8,50,0.0381
1,,,M9,50,0.0367
1,,,M10,50,0.0363
1,,,M11,50,0.0358
1,,,M12,50,0.0376
1,,,M13,50,0.0367
1,,,M14,50,0.0381
1,,,M15,50,0.0408
1,,,M16,50,0.0427
1,,,M17,50,0.045
1,,,M18,50,0.0577
1,,,M19,50,0.0952
1,,,M20,50,0.1415
1,,,M21,50,0.1491
1,,,M22,50,0.1451
1,,,M23,50,0.1472
1,,,M24,50,0.1497
1,,,N1,50,0.045
1,,,N2,50,0.0425
1,,,N3,50,0.0403
1,,,N4,50,0.0412
1,,,N5,50,0.0396
1,,,N6,50,0.0379
1,,,N7,50,0.0374
1,,,N8,50,0.0377
1,,,N9,50,0.0366
1,,,N10,50,0.0373
1,,,N11,50,0.0355
1,,,N12,50,0.0368
1,,,N13,50,0.0362
1,,,N14,50,0.0396
1,,,N15,50,0.042
1,,,N16,50,0.0466
1,,,N17,50,0.0528
1,,,N18,50,0.1191
1,,,N19,50,0.1416
1,,,N20,50,0.1481
1,,,N21,50,0.146
1,,,N22,50,0.1399
1,,,N23,50,0.148
1,,,N24,50,0.1434
1,,,O1,50,0.0438
1,,,O2,50,0.053
1,,,O3,50,0.0456
1,,,O4,50,0.0477
1,,,O5,50,0.0493
1,,,O6,50,0.0513
1,,,O7,50,0.0564
1,,,O8,50,0.1054
1,,,O9,50,0.1798
1,,,O10,50,0.1686
1,,,O11,50,0.1479
1,,,O12,50,0.16
1,,,O13,50,0.1513
1,,,O14,50,0.1572
1,,,O15,50,0.1492
1,,,O16,50,0.1532
1,,,O17,50,0.1539
1,,,O18,50,0.1503
1,,,O19,50,0.145
1,,,O20,50,0.146
1,,,O21,50,0.1447
1,,,O22,50,0.1462
1,,,O23,50,0.1492
1,,,O24,50,0.1469
1,,,P1,50,0.0459
1,,,P2,50,0.0518
1,,,P3,50,0.0565
1,,,P4,50,0.0549
1,,,P5,50,0.0538
1,,,P6,50,0.0532
1,,,P7,50,0.0606
1,,,P8,50,0.1186
1,,,P9,50,0.1814
1,,,P10,50,0.167
1,,,P11,50,0.1503
1,,,P12,50,0.1534
1,,,P13,50,0.1518
1,,,P14,50,0.1558
1,,,P15,50,0.1512
1,,,P16,50,0.1519
1,,,P17,50,0.1505
1,,,P18,50,0.1522
1,,,P19,50,0.1436
1,,,P20,50,0.1491
1,,,P21,50,0.1504
1,,,P22,50,0.1488
1,,,P23,50,0.1528
1,,,P24,50,0.1454
2,,,A1,0,
3,,,A1,6820.32302713624,
3,,,A2,7952.82828913423,
3,,,A3,9207.84067348702,
3,,,A4,8801.72341868473,
3,,,A5,9267.95257015833,
3,,,A6,16000,
3,,,A7,16000,
3,,,A8,16000,
3,,,A9,16000,
3,,,A10,16000,
3,,,A11,16000,
3,,,A12,16000,
4,,,A1,0,
5,,,A1,0,
5,,,A2,0,
5,,,A3,0,
5,,,A4,0,
5,,,A5,0,
5,,,A6,0,
5,,,A7,0,
5,,,A8,0,
5,,,A9,0,
5,,,A10,0,
5,,,A11,0,
5,,,A12,0,
5,,,B1,0,
5,,,B2,0,
5,,,B3,0,
5,,,B4,0,
5,,,B5,0,
5,,,B6,0,
5,,,B7,0,
5,,,B8,0,
5,,,B9,0,
5,,,B10,0,
5,,,B11,0,
5,,,B12,0,
5,,,C1,0,
5,,,C2,0,
5,,,C3,0,
5,,,C4,0,
5,,,C5,0,
5,,,C6,0,
5,,,C7,0,
5,,,C8,0,
5,,,C9,0,
5,,,C10,0,
5,,,C11,0,
5,,,C12,0,
5,,,D1,0,
5,,,D2,0,
5,,,D3,0,
5,,,D4,0,
5,,,D5,0,
5,,,D6,0,
5,,,D7,0,
5,,,D8,0,
5,,,D9,0,
5,,,D10,0,
5,,,D11,0,
5,,,D12,0,
5,,,E1,0,
5,,,E2,0,
5,,,E3,0,
5,,,E4,0,
5,,,E5,0,
5,,,E6,0,
5,,,E7,0,
5,,,E8,0,
5,,,E9,0,
5,,,E10,0,
5,,,E11,0,
5,,,E12,0,
5,,,F1,0,
5,,,F2,0,
5,,,F3,0,
5,,,F4,0,
5,,,F5,0,
5,,,F6,0,
5,,,F7,0,
5,,,F8,0,
5,,,F9,0,
5,,,F10,0,
5,,,F11,0,
5,,,F12,0,
5,,,G1,0,
5,,,G2,0,
5,,,G3,0,
5,,,G4,0,
5,,,G5,0,
5,,,G6,0,
5,,,G7,0,
5,,,G8,0,
5,,,G9,0,
5,,,G10,0,
5,,,G11,0,
5,,,G12,0,
5,,,H1,0,
5,,,H2,0,
5,,,H3,0,
5,,,H4,0,
5,,,H5,0,
5,,,H6,0,
5,,,H7,0,
5,,,H8,0,
5,,,H9,0,
5,,,H10,0,
5,,,H11,0,
5,,,H12,0,
6,,,A1,0,
7,,,A1,45,
7,,,A2,45,
7,,,A3,45,
7,,,A4,45,
7,,,A5,45,
7,,,A6,45,
7,,,A7,45,
7,,,A8,45,
7,,,A9,45,
7,,,A10,45,
7,,,A11,45,
7,,,A12,45,
7,,,A13,45,
7,,,A14,45,
7,,,A15,45,
7,,,A16,45,
7,,,A17,45,
7,,,A18,45,
7,,,A19,45,
7,,,A20,45,
7,,,A21,45,
7,,,A22,45,
7,,,A23,45,
7,,,A24,45,
7,,,B1,45,
7,,,B2,45,
7,,,B3,45,
7,,,B4,45,
7,,,B5,45,
7,,,B6,45,
7,,,B7,45,
7,,,B8,45,
7,,,B9,45,
7,,,B10,45,
7,,,B11,45,
7,,,B12,45,
7,,,B13,45,
7,,,B14,45,
7,,,B15,45,
7,,,B16,45,
7,,,B17,45,
7,,,B18,45,
7,,,B19,45,
7,,,B20,45,
7,,,B21,45,
7,,,B22,45,
7,,,B23,45,
7,,,B24,45,
7,,,C1,45,
7,,,C2,45,
7,,,C3,45,
7,,,C4,45,
7,,,C5,45,
7,,,C6,45,
7,,,C7,45,
7,,,C8,45,
7,,,C9,45,
7,,,C10,45,
7,,,C11,45,
7,,,C12,45,
7,,,C13,45,
7,,,C14,45,
7,,,C15,45,
7,,,C16,45,
7,,,C17,45,
7,,,C18,45,
7,,,C19,45,
7,,,C20,45,
7,,,C21,45,
7,,,C22,45,
7,,,C23,45,
7,,,C24,45,
7,,,D1,45,
7,,,D2,45,
7,,,D3,45,
7,,,D4,45,
7,,,D5,45,
7,,,D6,45,
7,,,D7,45,
7,,,D8,45,
7,,,D9,45,
7,,,D10,45,
7,,,D11,45,
7,,,D12,45,
7,,,D13,45,
7,,,D14,45,
7,,,D15,45,
7,,,D16,45,
7,,,D17,45,
7,,,D18,45,
7,,,D19,45,
7,,,D20,45,
7,,,D21,45,
7,,,D22,45,
7,,,D23,45,
7,,,D24,45,
7,,,E1,45,
7,,,E2,45,
7,,,E3,45,
7,,,E4,45,
7,,,E5,45,
7,,,E6,45,
7,,,E7,45,
7,,,E8,45,
7,,,E9,45,
7,,,E10,45,
7,,,E11,45,
7,,,E12,45,
7,,,E13,45,
7,,,E14,45,
7,,,E15,45,
7,,,E16,45,
7,,,E17,45,
7,,,E18,45,
7,,,E19,45,
7,,,E20,45,
7,,,E21,45,
7,,,E22,45,
7,,,E23,45,
7,,,E24,45,
7,,,F1,45,
7,,,F2,45,
7,,,F3,45,
7,,,F4,45,
7,,,F5,45,
7,,,F6,45,
7,,,F7,45,
7,,,F8,45,
7,,,F9,45,
7,,,F10,45,
7,,,F11,45,
7,,,F12,45,
7,,,F13,45,
7,,,F14,45,
7,,,F15,45,
7,,,F16,45,
7,,,F17,45,
7,,,F18,45,
7,,,F19,45,
7,,,F20,45,
7,,,F21,45,
7,,,F22,45,
7,,,F23,45,
7,,,F24,45,
7,,,G1,45,
7,,,G2,45,
7,,,G3,45,
7,,,G4,45,
7,,,G5,45,
7,,,G6,45,
7,,,G7,45,
7,,,G8,45,
7,,,G9,45,
7,,,G10,45,
7,,,G11,45,
7,,,G12,45,
7,,,G13,45,
7,,,G14,45,
7,,,G15,45,
7,,,G16,45,
7,,,G17,45,
7,,,G18,45,
7,,,G19,45,
7,,,G20,45,
7,,,G21,45,
7,,,G22,45,
7,,,G23,45,
7,,,G24,45,
7,,,H1,45,
7,,,H2,45,
7,,,H3,45,
7,,,H4,45,
7,,,H5,45,
7,,,H6,45,
7,,,H7,45,
7,,,H8,45,
7,,,H9,45,
7,,,H10,45,
7,,,H11,45,
7,,,H12,45,
7,,,H13,45,
7,,,H14,45,
7,,,H15,45,
7,,,H16,45,
7,,,H17,45,
7,,,H18,45,
7,,,H19,45,
7,,,H20,45,
7,,,H21,45,
7,,,H22,45,
7,,,H23,45,
7,,,H24,45,
7,,,I1,45,
7,,,I2,45,
7,,,I3,45,
7,,,I4,45,
7,,,I5,45,
7,,,I6,45,
7,,,I7,45,
7,,,I8,45,
7,,,I9,45,
7,,,I10,45,
7,,,I11,45,
7,,,I12,45,
7,,,I13,45,
7,,,I14,45,
7,,,I15,45,
7,,,I16,45,
7,,,I17,45,
7,,,I18,45,
7,,,I19,45,
7,,,I20,45,
7,,,I21,45,
7,,,I22,45,
7,,,I23,45,
7,,,I24,45,
7,,,J1,45,
7,,,J2,45,
7,,,J3,45,
7,,,J4,45,
7,,,J5,45,
7,,,J6,45,
7,,,J7,45,
7,,,J8,45,
7,,,J9,45,
7,,,J10,45,
7,,,J11,45,
7,,,J12,45,
7,,,J13,45,
7,,,J14,45,
7,,,J15,45,
7,,,J16,45,
7,,,J17,45,
7,,,J18,45,
7,,,J19,45,
7,,,J20,45,
7,,,J21,45,
7,,,J22,45,
7,,,J23,45,
7,,,J24,45,
7,,,K1,45,
7,,,K2,45,
7,,,K3,45,
7,,,K4,45,
7,,,K5,45,
7,,,K6,45,
7,,,K7,45,
7,,,K8,45,
7,,,K9,45,
7,,,K10,45,
7,,,K11,45,
7,,,K12,45,
7,,,K13,45,
7,,,K14,45,
7,,,K15,45,
7,,,K16,45,
7,,,K17,45,
7,,,K18,45,
7,,,K19,45,
7,,,K20,45,
7,,,K21,45,
7,,,K22,45,
7,,,K23,45,
7,,,K24,45,
7,,,L1,45,
7,,,L2,45,
7,,,L3,45,
7,,,L4,45,
7,,,L5,45,
7,,,L6,45,
7,,,L7,45,
7,,,L8,45,
7,,,L9,45,
7,,,L10,45,
7,,,L11,45,
7,,,L12,45,
7,,,L13,45,
7,,,L14,45,
7,,,L15,45,
7,,,L16,45,
7,,,L17,45,
7,,,L18,45,
7,,,L19,45,
7,,,L20,45,
7,,,L21,45,
7,,,L22,45,
7,,,L23,45,
7,,,L24,45,
7,,,M1,45,
7,,,M2,45,
7,,,M3,45,
7,,,M4,45,
7,,,M5,45,
7,,,M6,45,
7,,,M7,45,
7,,,M8,45,
7,,,M9,45,
7,,,M10,45,
7,,,M11,45,
7,,,M12,45,
7,,,M13,45,
7,,,M14,45,
7,,,M15,45,
7,,,M16,45,
7,,,M17,45,
7,,,M18,45,
7,,,M19,45,
7,,,M20,45,
7,,,M21,45,
7,,,M22,45,
7,,,M23,45,
7,,,M24,45,
7,,,N1,45,
7,,,N2,45,
7,,,N3,45,
7,,,N4,45,
7,,,N5,45,
7,,,N6,45,
7,,,N7,45,
7,,,N8,45,
7,,,N9,45,
7,,,N10,45,
7,,,N11,45,
7,,,N12,45,
7,,,N13,45,
7,,,N14,45,
7,,,N15,45,
7,,,N16,45,
7,,,N17,45,
7,,,N18,45,
7,,,N19,45,
7,,,N20,45,
7,,,N21,45,
7,,,N22,45,
7,,,N23,45,
7,,,N24,45,
7,,,O1,45,
7,,,O2,45,
7,,,O3,45,
7,,,O4,45,
7,,,O5,45,
7,,,O6,45,
7,,,O7,45,
7,,,O8,45,
7,,,O9,45,
7,,,O10,45,
7,,,O11,45,
7,,,O12,45,
7,,,O13,45,
7,,,O14,45,
7,,,O15,45,
7,,,O16,45,
7,,,O17,45,
7,,,O18,45,
7,,,O19,45,
7,,,O20,45,
7,,,O21,45,
7,,,O22,45,
7,,,O23,45,
7,,,O24,45,
7,,,P1,45,
7,,,P2,45,
7,,,P3,45,
7,,,P4,45,
7,,,P5,45,
7,,,P6,45,
7,,,P7,45,
7,,,P8,45,
7,,,P9,45,
7,,,P10,45,
7,,,P11,45,
7,,,P12,45,
7,,,P13,45,
7,,,P14,45,
7,,,P15,45,
7,,,P16,45,
7,,,P17,45,
7,,,P18,45,
7,,,P19,45,
7,,,P20,45,
7,,,P21,45,
7,,,P22,45,
7,,,P23,45,
7,,,P24,45,
8,,,A1,0,
9,,,A1,50,
9,,,A2,50,
9,,,A3,50,
9,,,A4,50,
9,,,A5,50,
9,,,A6,50,
9,,,A7,50,
9,,,A8,50,
9,,,A9,50,
9,,,A10,50,
9,,,A11,12.3885347064074,
9,,,A12,50,
9,,,A13,50,
9,,,A14,50,
9,,,A15,50,
9,,,A16,50,
9,,,A17,50,
9,,,A18,50,
9,,,A19,50,
9,,,A20,50,
9,,,A21,50,
9,,,A22,50,
9,,,A23,50,
9,,,A24,50,
9,,,B1,50,
9,,,B2,50,
9,,,B3,50,
9,,,B4,50,
9,,,B5,50,
9,,,B6,50,
9,,,B7,10,
9,,,B8,50,
9,,,B9,50,
9,,,B10,50,
9,,,B11,50,
9,,,B12,50,
9,,,B13,50,
9,,,B14,50,
9,,,B15,50,
9,,,B16,50,
9,,,B17,50,
9,,,B18,50,
9,,,B19,50,
9,,,B20,50,
9,,,B21,50,
9,,,B22,50,
9,,,B23,50,
9,,,B24,50,
9,,,C1,50,
9,,,C2,50,
9,,,C3,50,
9,,,C4,50,
9,,,C5,50,
9,,,C6,50,
9,,,C7,50,
9,,,C8,50,
9,,,C9,50,
9,,,C10,50,
9,,,C11,50,
9,,,C12,50,
9,,,C13,50,
9,,,C14,50,
9,,,C15,50,
9,,,C16,50,
9,,,C17,50,
9,,,C18,50,
9,,,C19,50,
9,,,C20,50,
9,,,C21,50,
9,,,C22,50,
9,,,C23,50,
9,,,C24,50,
9,,,D1,50,
9,,,D2,50,
9,,,D3,50,
9,,,D4,50,
9,,,D5,50,
9,,,D6,50,
9,,,D7,50,
9,,,D8,50,
9,,,D9,50,
9,,,D10,50,
9,,,D11,50,
9,,,D12,50,
9,,,D13,50,
9,,,D14,50,
9,,,D15,50,
9,,,D16,50,
9,,,D17,50,
9,,,D18,50,
9,,,D19,50,
9,,,D20,50,
9,,,D21,50,
9,,,D22,50,
9,,,D23,50,
9,,,D24,50,
9,,,E1,50,
9,,,E2,50,
9,,,E3,50,
9,,,E4,50,
9,,,E5,50,
9,,,E6,50,
9,,,E7,50,
9,,,E8,50,
9,,,E9,50,
9,,,E10,50,
9,,,E11,50,
9,,,E12,50,
9,,,E13,50,
9,,,E14,50,
9,,,E15,50,
9,,,E16,50,
9,,,E17,50,
9,,,E18,50,
9,,,E19,50,
9,,,E20,50,
9,,,E21,50,
9,,,E22,50,
9,,,E23,50,
9,,,E24,50,
9,,,F1,50,
9,,,F2,50,
9,,,F3,50,
9,,,F4,50,
9,,,F5,50,
9,,,F6,50,
9,,,F7,50,
9,,,F8,50,
9,,,F9,50,
9,,,F10,50,
9,,,F11,50,
9,,,F12,50,
9,,,F13,50,
9,,,F14,50,
9,,,F15,50,
9,,,F16,50,
9,,,F17,50,
9,,,F18,50,
9,,,F19,50,
9,,,F20,50,
9,,,F21,50,
9,,,F22,50,
9,,,F23,50,
9,,,F24,50,
9,,,G1,50,
9,,,G2,50,
9,,,G3,50,
9,,,G4,50,
9,,,G5,50,
9,,,G6,50,
9,,,G7,50,
9,,,G8,50,
9,,,G9,50,
9,,,G10,50,
9,,,G11,50,
9,,,G12,50,
9,,,G13,50,
9,,,G14,50,
9,,,G15,50,
9,,,G16,50,
9,,,G17,50,
9,,,G18,50,
9,,,G19,50,
9,,,G20,50,
9,,,G21,50,
9,,,G22,50,
9,,,G23,50,
9,,,G24,50,
9,,,H1,50,
9,,,H2,50,
9,,,H3,50,
9,,,H4,50,
9,,,H5,50,
9,,,H6,50,
9,,,H7,50,
9,,,H8,50,
9,,,H9,50,
9,,,H10,50,
9,,,H11,50,
9,,,H12,50,
9,,,H13,50,
9,,,H14,50,
9,,,H15,50,
9,,,H16,50,
9,,,H17,50,
9,,,H18,50,
9,,,H19,50,
9,,,H20,50,
9,,,H21,50,
9,,,H22,50,
9,,,H23,50,
9,,,H24,50,
9,,,I1,50,
9,,,I2,50,
9,,,I3,50,
9,,,I4,50,
9,,,I5,50,
9,,,I6,50,
9,,,I7,50,
9,,,I8,50,
9,,,I9,50,
9,,,I10,50,
9,,,I11,50,
9,,,I12,50,
9,,,I13,50,
9,,,I14,50,
9,,,I15,50,
9,,,I16,50,
9,,,I17,50,
9,,,I18,50,
9,,,I19,50,
9,,,I20,50,
9,,,I21,50,
9,,,I22,50,
9,,,I23,50,
9,,,I24,50,
9,,,J1,50,
9,,,J2,50,
9,,,J3,50,
9,,,J4,50,
9,,,J5,50,
9,,,J6,50,
9,,,J7,50,
9,,,J8,50,
9,,,J9,50,
9,,,J10,50,
9,,,J11,50,
9,,,J12,50,
9,,,J13,50,
9,,,J14,50,
9,,,J15,50,
9,,,J16,50,
9,,,J17,50,
9,,,J18,50,
9,,,J19,50,
9,,,J20,50,
9,,,J21,50,
9,,,J22,50,
9,,,J23,50,
9,,,J24,50,
9,,,K1,50,
9,,,K2,50,
9,,,K3,50,
9,,,K4,50,
9,,,K5,50,
9,,,K6,50,
9,,,K7,50,
9,,,K8,50,
9,,,K9,50,
9,,,K10,50,
9,,,K11,50,
9,,,K12,50,
9,,,K13,50,
9,,,K14,50,
9,,,K15,50,
9,,,K16,50,
9,,,K17,50,
9,,,K18,50,
9,,,K19,50,
9,,,K20,50,
9,,,K21,50,
9,,,K22,50,
9,,,K23,50,
9,,,K24,50,
9,,,L1,50,
9,,,L2,50,
9,,,L3,50,
9,,,L4,50,
9,,,L5,50,
9,,,L6,50,
9,,,L7,50,
9,,,L8,50,
9,,,L9,50,
9,,,L10,50,
9,,,L11,50,
9,,,L12,50,
9,,,L13,50,
9,,,L14,50,
9,,,L15,50,
9,,,L16,50,
9,,,L17,50,
9,,,L18,50,
9,,,L19,50,
9,,,L20,50,
9,,,L21,50,
9,,,L22,50,
9,,,L23,50,
9,,,L24,50,
9,,,M1,50,
9,,,M2,50,
9,,,M3,50,
9,,,M4,50,
9,,,M5,50,
9,,,M6,50,
9,,,M7,50,
9,,,M8,50,
9,,,M9,50,
9,,,M10,50,
9,,,M11,50,
9,,,M12,50,
9,,,M13,50,
9,,,M14,50,
9,,,M15,50,
9,,,M16,50,
9,,,M17,50,
9,,,M18,50,
9,,,M19,50,
9,,,M20,50,
9,,,M21,50,
9,,,M22,50,
9,,,M23,50,
9,,,M24,50,
9,,,N1,50,
9,,,N2,50,
9,,,N3,50,
9,,,N4,50,
9,,,N5,50,
9,,,N6,50,
9,,,N7,50,
9,,,N8,50,
9,,,N9,50,
9,,,N10,50,
9,,,N11,50,
9,,,N12,50,
9,,,N13,50,
9,,,N14,50,
9,,,N15,50,
9,,,N16,50,
9,,,N17,50,
9,,,N18,50,
9,,,N19,50,
9,,,N20,50,
9,,,N21,50,
9,,,N22,50,
9,,,N23,50,
9,,,N24,50,
9,,,O1,50,
9,,,O2,50,
9,,,O3,50,
9,,,O4,50,
9,,,O5,50,
9,,,O6,50,
9,,,O7,50,
9,,,O8,50,
9,,,O9,50,
9,,,O10,50,
9,,,O11,50,
9,,,O12,50,
9,,,O13,50,
9,,,O14,50,
9,,,O15,50,
9,,,O16,50,
9,,,O17,50,
9,,,O18,50,
9,,,O19,50,
9,,,O20,50,
9,,,O21,50,
9,,,O22,50,
9,,,O23,50,
9,,,O24,50,
9,,,P1,50,
9,,,P2,50,
9,,,P3,50,
9,,,P4,50,
9,,,P5,50,
9,,,P6,50,
9,,,P7,50,
9,,,P8,50,
9,,,P9,50,
9,,,P10,50,
9,,,P11,50,
9,,,P12,50,
9,,,P13,50,
9,,,P14,50,
9,,,P15,50,
9,,,P16,50,
9,,,P17,50,
9,,,P18,50,
9,,,P19,50,
9,,,P20,50,
9,,,P21,50,
9,,,P22,50,
9,,,P23,50,
9,,,P24,50,
10,,,A1,0,
11,,,A1,50,
11,,,A2,50,
11,,,A3,50,
11,,,A4,50,
11,,,A5,50,
11,,,A6,50,
11,,,A7,50,
11,,,A8,10,
11,,,A9,50,
11,,,A10,50,
11,,,A11,50,
11,,,A12,50,
11,,,A13,50,
11,,,A14,50,
11,,,A15,50,
11,,,A16,50,
11,,,A17,50,
11,,,A18,50,
11,,,A19,50,
11,,,A20,50,
11,,,A21,50,
11,,,A22,50,
11,,,A23,50,
11,,,A24,50,
11,,,B1,50,
11,,,B2,50,
11,,,B3,50,
11,,,B4,50,
11,,,B5,50,
11,,,B6,50,
11,,,B7,50,
11,,,B8,50,
11,,,B9,50,
11,,,B10,50,
11,,,B11,7.1541720145758,
11,,,B12,50,
11,,,B13,50,
11,,,B14,50,
11,,,B15,50,
11,,,B16,50,
11,,,B17,50,
11,,,B18,50,
11,,,B19,50,
11,,,B20,50,
11,,,B21,50,
11,,,B22,50,
11,,,B23,50,
11,,,B24,50,
11,,,C1,50,
11,,,C2,50,
11,,,C3,50,
11,,,C4,50,
11,,,C5,50,
11,,,C6,50,
11,,,C7,50,
11,,,C8,50,
11,,,C9,50,
11,,,C10,50,
11,,,C11,50,
11,,,C12,50,
11,,,C13,50,
11,,,C14,50,
11,,,C15,50,
11,,,C16,50,
11,,,C17,50,
11,,,C18,50,
11,,,C19,50,
11,,,C20,50,
11,,,C21,50,
11,,,C22,50,
11,,,C23,50,
11,,,C24,50,
11,,,D1,50,
11,,,D2,50,
11,,,D3,50,
11,,,D4,50,
11,,,D5,50,
11,,,D6,50,
11,,,D7,50,
11,,,D8,50,
11,,,D9,50,
11,,,D10,50,
11,,,D11,50,
11,,,D12,50,
11,,,D13,50,
11,,,D14,50,
11,,,D15,50,
11,,,D16,50,
11,,,D17,50,
11,,,D18,50,
11,,,D19,50,
11,,,D20,50,
11,,,D21,50,
11,,,D22,50,
11,,,D23,50,
11,,,D24,50,
11,,,E1,50,
11,,,E2,50,
11,,,E3,50,
11,,,E4,50,
11,,,E5,50,
11,,,E6,50,
11,,,E7,50,
11,,,E8,50,
11,,,E9,50,
11,,,E10,50,
11,,,E11,50,
11,,,E12,50,
11,,,E13,50,
11,,,E14,50,
11,,,E15,50,
11,,,E16,50,
11,,,E17,50,
11,,,E18,50,
11,,,E19,50,
11,,,E20,50,
11,,,E21,50,
11,,,E22,50,
11,,,E23,50,
11,,,E24,50,
11,,,F1,50,
11,,,F2,50,
11,,,F3,50,
11,,,F4,50,
11,,,F5,50,
11,,,F6,50,
11,,,F7,50,
11,,,F8,50,
11,,,F9,50,
11,,,F10,50,
11,,,F11,50,
11,,,F12,50,
11,,,F13,50,
11,,,F14,50,
11,,,F15,50,
11,,,F16,50,
11,,,F17,50,
11,,,F18,50,
11,,,F19,50,
11,,,F20,50,
11,,,F21,50,
11,,,F22,50,
11,,,F23,50,
11,,,F24,50,
11,,,G1,50,
11,,,G2,50,
11,,,G3,50,
11,,,G4,50,
11,,,G5,50,
11,,,G6,50,
11,,,G7,50,
11,,,G8,50,
11,,,G9,50,
11,,,G10,50,
11,,,G11,50,
11,,,G12,50,
11,,,G13,50,
11,,,G14,50,
11,,,G15,50,
11,,,G16,50,
11,,,G17,50,
11,,,G18,50,
11,,,G19,50,
11,,,G20,50,
11,,,G21,50,
11,,,G22,50,
11,,,G23,50,
11,,,G24,50,
11,,,H1,50,
11,,,H2,50,
11,,,H3,50,
11,,,H4,50,
11,,,H5,50,
11,,,H6,50,
11,,,H7,50,
11,,,H8,50,
11,,,H9,50,
11,,,H10,50,
11,,,H11,50,
11,,,H12,50,
11,,,H13,50,
11,,,H14,50,
11,,,H15,50,
11,,,H16,50,
11,,,H17,50,
11,,,H18,50,
11,,,H19,50,
11,,,H20,50,
11,,,H21,50,
11,,,H22,50,
11,,,H23,50,
11,,,H24,50,
11,,,I1,50,
11,,,I2,50,
11,,,I3,50,
11,,,I4,50,
11,,,I5,50,
11,,,I6,50,
11,,,I7,50,
11,,,I8,50,
11,,,I9,50,
11,,,I10,50,
11,,,I11,50,
11,,,I12,50,
11,,,I13,50,
11,,,I14,50,
11,,,I15,50,
11,,,I16,50,
11,,,I17,50,
11,,,I18,50,
11,,,I19,50,
11,,,I20,50,
11,,,I21,50,
11,,,I22,50,
11,,,I23,50,
11,,,I24,50,
11,,,J1,50,
11,,,J2,50,
11,,,J3,50,
11,,,J4,50,
11,,,J5,50,
11,,,J6,50,
11,,,J7,50,
11,,,J8,50,
11,,,J9,50,
11,,,J10,50,
11,,,J11,50,
11,,,J12,50,
11,,,J13,50,
11,,,J14,50,
11,,,J15,50,
11,,,J16,50,
11,,,J17,50,
11,,,J18,50,
11,,,J19,50,
11,,,J20,50,
11,,,J21,50,
11,,,J22,50,
11,,,J23,50,
11,,,J24,50,
11,,,K1,50,
11,,,K2,50,
11,,,K3,50,
11,,,K4,50,
11,,,K5,50,
11,,,K6,50,
11,,,K7,50,
11,,,K8,50,
11,,,K9,50,
11,,,K10,50,
11,,,K11,50,
11,,,K12,50,
11,,,K13,50,
11,,,K14,50,
11,,,K15,50,
11,,,K16,50,
11,,,K17,50,
11,,,K18,50,
11,,,K19,50,
11,,,K20,50,
11,,,K21,50,
11,,,K22,50,
11,,,K23,50,
11,,,K24,50,
11,,,L1,50,
11,,,L2,50,
11,,,L3,50,
11,,,L4,50,
11,,,L5,50,
11,,,L6,50,
11,,,L7,50,
11,,,L8,50,
11,,,L9,50,
11,,,L10,50,
11,,,L11,50,
11,,,L12,50,
11,,,L13,50,
11,,,L14,50,
11,,,L15,50,
11,,,L16,50,
11,,,L17,50,
11,,,L18,50,
11,,,L19,50,
11,,,L20,50,
11,,,L21,50,
11,,,L22,50,
11,,,L23,50,
11,,,L24,50,
11,,,M1,50,
11,,,M2,50,
11,,,M3,50,
11,,,M4,50,
11,,,M5,50,
11,,,M6,50,
11,,,M7,50,
11,,,M8,50,
11,,,M9,50,
11,,,M10,50,
11,,,M11,50,
11,,,M12,50,
11,,,M13,50,
11,,,M14,50,
11,,,M15,50,
11,,,M16,50,
11,,,M17,50,
11,,,M18,50,
11,,,M19,50,
11,,,M20,50,
11,,,M21,50,
11,,,M22,50,
11,,,M23,50,
11,,,M24,50,
11,,,N1,50,
11,,,N2,50,
11,,,N3,50,
11,,,N4,50,
11,,,N5,50,
11,,,N6,50,
11,,,N7,50,
11,,,N8,50,
11,,,N9,50,
11,,,N10,50,
11,,,N11,50,
11,,,N12,50,
11,,,N13,50,
11,,,N14,50,
11,,,N15,50,
11,,,N16,50,
11,,,N17,50,
11,,,N18,50,
11,,,N19,50,
11,,,N20,50,
11,,,N21,50,
11,,,N22,50,
11,,,N23,50,
11,,,N24,50,
11,,,O1,50,
11,,,O2,50,
11,,,O3,50,
11,,,O4,50,
11,,,O5,50,
11,,,O6,50,
11,,,O7,50,
11,,,O8,50,
11,,,O9,50,
11,,,O10,50,
11,,,O11,50,
11,,,O12,50,
11,,,O13,50,
11,,,O14,50,
11,,,O15,50,
11,,,O16,50,
11,,,O17,50,
11,,,O18,50,
11,,,O19,50,
11,,,O20,50,
11,,,O21,50,
11,,,O22,50,
11,,,O23,50,
11,,,O24,50,
11,,,P1,50,
11,,,P2,50,
11,,,P3,50,
11,,,P4,50,
11,,,P5,50,
11,,,P6,50,
11,,,P7,50,
11,,,P8,50,
11,,,P9,50,
11,,,P10,50,
11,,,P11,50,
11,,,P12,50,
11,,,P13,50,
11,,,P14,50,
11,,,P15,50,
11,,,P16,50,
11,,,P17,50,
11,,,P18,50,
11,,,P19,50,
11,,,P20,50,
11,,,P21,50,
11,,,P22,50,
11,,,P23,50,
11,,,P24,50,
12,,,A1,0,
13,,,A1,50,
13,,,A2,50,
13,,,A3,50,
13,,,A4,5.1777777777778,
13,,,A5,50,
13,,,A6,50,
13,,,A7,50,
13,,,A8,50,
13,,,A9,50,
13,,,A10,50,
13,,,A11,50,
13,,,A12,50,
13,,,A13,50,
13,,,A14,50,
13,,,A15,50,
13,,,A16,50,
13,,,A17,50,
13,,,A18,50,
13,,,A19,50,
13,,,A20,50,
13,,,A21,50,
13,,,A22,50,
13,,,A23,50,
13,,,A24,50,
13,,,B1,50,
13,,,B2,50,
13,,,B3,50,
13,,,B4,50,
13,,,B5,5.1777777777778,
13,,,B6,50,
13,,,B7,50,
13,,,B8,50,
13,,,B9,50,
13,,,B10,50,
13,,,B11,50,
13,,,B12,50,
13,,,B13,50,
13,,,B14,50,
13,,,B15,50,
13,,,B16,50,
13,,,B17,50,
13,,,B18,50,
13,,,B19,50,
13,,,B20,50,
13,,,B21,50,
13,,,B22,50,
13,,,B23,50,
13,,,B24,50,
13,,,C1,50,
13,,,C2,50,
13,,,C3,50,
13,,,C4,50,
13,,,C5,50,
13,,,C6,50,
13,,,C7,50,
13,,,C8,50,
13,,,C9,50,
13,,,C10,50,
13,,,C11,50,
13,,,C12,50,
13,,,C13,50,
13,,,C14,50,
13,,,C15,50,
13,,,C16,50,
13,,,C17,50,
13,,,C18,50,
13,,,C19,50,
13,,,C20,50,
13,,,C21,50,
13,,,C22,50,
13,,,C23,50,
13,,,C24,50,
13,,,D1,50,
13,,,D2,50,
13,,,D3,50,
13,,,D4,50,
13,,,D5,50,
13,,,D6,50,
13,,,D7,50,
13,,,D8,50,
13,,,D9,50,
13,,,D10,50,
13,,,D11,50,
13,,,D12,50,
13,,,D13,50,
13,,,D14,50,
13,,,D15,50,
13,,,D16,50,
13,,,D17,50,
13,,,D18,50,
13,,,D19,50,
13,,,D20,50,
13,,,D21,50,
13,,,D22,50,
13,,,D23,50,
13,,,D24,50,
13,,,E1,50,
13,,,E2,50,
13,,,E3,50,
13,,,E4,50,
13,,,E5,50,
13,,,E6,50,
13,,,E7,50,
13,,,E8,50,
13,,,E9,50,
13,,,E10,50,
13,,,E11,50,
13,,,E12,50,
13,,,E13,50,
13,,,E14,50,
13,,,E15,50,
13,,,E16,50,
13,,,E17,50,
13,,,E18,50,
13,,,E19,50,
13,,,E20,50,
13,,,E21,50,
13,,,E22,50,
13,,,E23,50,
13,,,E24,50,
13,,,F1,50,
13,,,F2,50,
13,,,F3,50,
13,,,F4,50,
13,,,F5,50,
13,,,F6,50,
13,,,F7,50,
13,,,F8,50,
13,,,F9,50,
13,,,F10,50,
13,,,F11,50,
13,,,F12,50,
13,,,F13,50,
13,,,F14,50,
13,,,F15,50,
13,,,F16,50,
13,,,F17,50,
13,,,F18,50,
13,,,F19,50,
13,,,F20,50,
13,,,F21,50,
13,,,F22,50,
13,,,F23,50,
13,,,F24,50,
13,,,G1,50,
13,,,G2,50,
13,,,G3,50,
13,,,G4,50,
13,,,G5,50,
13,,,G6,50,
13,,,G7,50,
13,,,G8,50,
13,,,G9,50,
13,,,G10,50,
13,,,G11,50,
13,,,G12,50,
13,,,G13,50,
13,,,G14,50,
13,,,G15,50,
13,,,G16,50,
13,,,G17,50,
13,,,G18,50,
13,,,G19,50,
13,,,G20,50,
13,,,G21,50,
13,,,G22,50,
13,,,G23,50,
13,,,G24,50,
13,,,H1,50,
13,,,H2,50,
13,,,H3,50,
13,,,H4,50,
13,,,H5,50,
13,,,H6,50,
13,,,H7,50,
13,,,H8,50,
13,,,H9,50,
13,,,H10,50,
13,,,H11,50,
13,,,H12,50,
13,,,H13,50,
13,,,H14,50,
13,,,H15,50,
13,,,H16,50,
13,,,H17,50,
13,,,H18,50,
13,,,H19,50,
13,,,H20,50,
13,,,H21,50,
13,,,H22,50,
13,,,H23,50,
13,,,H24,50,
13,,,I1,50,
13,,,I2,50,
13,,,I3,50,
13,,,I4,50,
13,,,I5,50,
13,,,I6,50,
13,,,I7,50,
13,,,I8,50,
13,,,I9,50,
13,,,I10,50,
13,,,I11,50,
13,,,I12,50,
13,,,I13,50,
13,,,I14,50,
13,,,I15,50,
13,,,I16,50,
13,,,I17,50,
13,,,I18,50,
13,,,I19,50,
13,,,I20,50,
13,,,I21,50,
13,,,I22,50,
13,,,I23,50,
13,,,I24,50,
13,,,J1,50,
13,,,J2,50,
13,,,J3,50,
13,,,J4,50,
13,,,J5,50,
13,,,J6,50,
13,,,J7,50,
13,,,J8,50,
13,,,J9,50,
13,,,J10,50,
13,,,J11,50,
13,,,J12,50,
13,,,J13,50,
13,,,J14,50,
13,,,J15,50,
13,,,J16,50,
13,,,J17,50,
13,,,J18,50,
13,,,J19,50,
13,,,J20,50,
13,,,J21,50,
13,,,J22,50,
13,,,J23,50,
13,,,J24,50,
13,,,K1,50,
13,,,K2,50,
13,,,K3,50,
13,,,K4,50,
13,,,K5,50,
13,,,K6,50,
13,,,K7,50,
13,,,K8,50,
13,,,K9,50,
13,,,K10,50,
13,,,K11,50,
13,,,K12,50,
13,,,K13,50,
13,,,K14,50,
13,,,K15,50,
13,,,K16,50,
13,,,K17,50,
13,,,K18,50,
13,,,K19,50,
13,,,K20,50,
13,,,K21,50,
13,,,K22,50,
13,,,K23,50,
13,,,K24,50,
13,,,L1,50,
13,,,L2,50,
13,,,L3,50,
13,,,L4,50,
13,,,L5,50,
13,,,L6,50,
13,,,L7,50,
13,,,L8,50,
13,,,L9,50,
13,,,L10,50,
13,,,L11,50,
13,,,L12,50,
13,,,L13,50,
13,,,L14,50,
13,,,L15,50,
13,,,L16,50,
13,,,L17,50,
13,,,L18,50,
13,,,L19,50,
13,,,L20,50,
13,,,L21,50,
13,,,L22,50,
13,,,L23,50,
13,,,L24,50,
13,,,M1,50,
13,,,M2,50,
13,,,M3,50,
13,,,M4,50,
13,,,M5,50,
13,,,M6,50,
13,,,M7,50,
13,,,M8,50,
13,,,M9,50,
13,,,M10,50,
13,,,M11,50,
13,,,M12,50,
13,,,M13,50,
13,,,M14,50,
13,,,M15,50,
13,,,M16,50,
13,,,M17,50,
13,,,M18,50,
13,,,M19,50,
13,,,M20,50,
13,,,M21,50,
13,,,M22,50,
13,,,M23,50,
13,,,M24,50,
13,,,N1,50,
13,,,N2,50,
13,,,N3,50,
13,,,N4,50,
13,,,N5,50,
13,,,N6,50,
13,,,N7,50,
13,,,N8,50,
13,,,N9,50,
13,,,N10,50,
13,,,N11,50,
13,,,N12,50,
13,,,N13,50,
13,,,N14,50,
13,,,N15,50,
13,,,N16,50,
13,,,N17,50,
13,,,N18,50,
13,,,N19,50,
13,,,N20,50,
13,,,N21,50,
13,,,N22,50,
13,,,N23,50,
13,,,N24,50,
13,,,O1,50,
13,,,O2,50,
13,,,O3,50,
13,,,O4,50,
13,,,O5,50,
13,,,O6,50,
13,,,O7,50,
13,,,O8,50,
13,,,O9,50,
13,,,O10,50,
13,,,O11,50,
13,,,O12,50,
13,,,O13,50,
13,,,O14,50,
13,,,O15,50,
13,,,O16,50,
13,,,O17,50,
13,,,O18,50,
13,,,O19,50,
13,,,O20,50,
13,,,O21,50,
13,,,O22,50,
13,,,O23,50,
13,,,O24,50,
13,,,P1,50,
13,,,P2,50,
13,,,P3,50,
13,,,P4,50,
13,,,P5,50,
13,,,P6,50,
13,,,P7,50,
13,,,P8,50,
13,,,P9,50,
13,,,P10,50,
13,,,P11,50,
13,,,P12,50,
13,,,P13,50,
13,,,P14,50,
13,,,P15,50,
13,,,P16,50,
13,,,P17,50,
13,,,P18,50,
13,,,P19,50,
13,,,P20,50,
13,,,P21,50,
13,,,P22,50,
13,,,P23,50,
13,,,P24,50,
14,,,A1,0,
15,,,A1,50,
15,,,A2,50,
15,,,A3,50,
15,,,A4,50,
15,,,A5,5.1777777777778,
15,,,A6,50,
15,,,A7,50,
15,,,A8,50,
15,,,A9,50,
15,,,A10,50,
15,,,A11,50,
15,,,A12,50,
15,,,A13,50,
15,,,A14,50,
15,,,A15,50,
15,,,A16,50,
15,,,A17,50,
15,,,A18,50,
15,,,A19,50,
15,,,A20,50,
15,,,A21,50,
15,,,A22,50,
15,,,A23,50,
15,,,A24,50,
15,,,B1,50,
15,,,B2,50,
15,,,B3,50,
15,,,B4,50,
15,,,B5,50,
15,,,B6,50,
15,,,B7,6.953291419373,
15,,,B8,50,
15,,,B9,50,
15,,,B10,50,
15,,,B11,50,
15,,,B12,50,
15,,,B13,50,
15,,,B14,50,
15,,,B15,50,
15,,,B16,50,
15,,,B17,50,
15,,,B18,50,
15,,,B19,50,
15,,,B20,50,
15,,,B21,50,
15,,,B22,50,
15,,,B23,50,
15,,,B24,50,
15,,,C1,50,
15,,,C2,50,
15,,,C3,50,
15,,,C4,50,
15,,,C5,50,
15,,,C6,50,
15,,,C7,50,
15,,,C8,50,
15,,,C9,50,
15,,,C10,50,
15,,,C11,50,
15,,,C12,50,
15,,,C13,50,
15,,,C14,50,
15,,,C15,50,
15,,,C16,50,
15,,,C17,50,
15,,,C18,50,
15,,,C19,50,
15,,,C20,50,
15,,,C21,50,
15,,,C22,50,
15,,,C23,50,
15,,,C24,50,
15,,,D1,50,
15,,,D2,50,
15,,,D3,50,
15,,,D4,50,
15,,,D5,50,
15,,,D6,50,
15,,,D7,50,
15,,,D8,50,
15,,,D9,50,
15,,,D10,50,
15,,,D11,50,
15,,,D12,50,
15,,,D13,50,
15,,,D14,50,
15,,,D15,50,
15,,,D16,50,
15,,,D17,50,
15,,,D18,50,
15,,,D19,50,
15,,,D20,50,
15,,,D21,50,
15,,,D22,50,
15,,,D23,50,
15,,,D24,50,
15,,,E1,50,
15,,,E2,50,
15,,,E3,50,
15,,,E4,50,
15,,,E5,50,
15,,,E6,50,
15,,,E7,50,
15,,,E8,50,
15,,,E9,50,
15,,,E10,50,
15,,,E11,50,
15,,,E12,50,
15,,,E13,50,
15,,,E14,50,
15,,,E15,50,
15,,,E16,50,
15,,,E17,50,
15,,,E18,50,
15,,,E19,50,
15,,,E20,50,
15,,,E21,50,
15,,,E22,50,
15,,,E23,50,
15,,,E24,50,
15,,,F1,50,
15,,,F2,50,
15,,,F3,50,
15,,,F4,50,
15,,,F5,50,
15,,,F6,50,
15,,,F7,50,
15,,,F8,50,
15,,,F9,50,
15,,,F10,50,
15,,,F11,50,
15,,,F12,50,
15,,,F13,50,
15,,,F14,50,
15,,,F15,50,
15,,,F16,50,
15,,,F17,50,
15,,,F18,50,
15,,,F19,50,
15,,,F20,50,
15,,,F21,50,
15,,,F22,50,
15,,,F23,50,
15,,,F24,50,
15,,,G1,50,
15,,,G2,50,
15,,,G3,50,
15,,,G4,50,
15,,,G5,50,
15,,,G6,50,
15,,,G7,50,
15,,,G8,50,
15,,,G9,50,
15,,,G10,50,
15,,,G11,50,
15,,,G12,50,
15,,,G13,50,
15,,,G14,50,
15,,,G15,50,
15,,,G16,50,
15,,,G17,50,
15,,,G18,50,
15,,,G19,50,
15,,,G20,50,
15,,,G21,50,
15,,,G22,50,
15,,,G23,50,
15,,,G24,50,
15,,,H1,50,
15,,,H2,50,
15,,,H3,50,
15,,,H4,50,
15,,,H5,50,
15,,,H6,50,
15,,,H7,50,
15,,,H8,50,
15,,,H9,50,
15,,,H10,50,
15,,,H11,50,
15,,,H12,50,
15,,,H13,50,
15,,,H14,50,
15,,,H15,50,
15,,,H16,50,
15,,,H17,50,
15,,,H18,50,
15,,,H19,50,
15,,,H20,50,
15,,,H21,50,
15,,,H22,50,
15,,,H23,50,
15,,,H24,50,
15,,,I1,50,
15,,,I2,50,
15,,,I3,50,
15,,,I4,50,
15,,,I5,50,
15,,,I6,50,
15,,,I7,50,
15,,,I8,50,
15,,,I9,50,
15,,,I10,50,
15,,,I11,50,
15,,,I12,50,
15,,,I13,50,
15,,,I14,50,
15,,,I15,50,
15,,,I16,50,
15,,,I17,50,
15,,,I18,50,
15,,,I19,50,
15,,,I20,50,
15,,,I21,50,
15,,,I22,50,
15,,,I23,50,
15,,,I24,50,
15,,,J1,50,
15,,,J2,50,
15,,,J3,50,
15,,,J4,50,
15,,,J5,50,
15,,,J6,50,
15,,,J7,50,
15,,,J8,50,
15,,,J9,50,
15,,,J10,50,
15,,,J11,50,
15,,,J12,50,
15,,,J13,50,
15,,,J14,50,
15,,,J15,50,
15,,,J16,50,
15,,,J17,50,
15,,,J18,50,
15,,,J19,50,
15,,,J20,50,
15,,,J21,50,
15,,,J22,50,
15,,,J23,50,
15,,,J24,50,
15,,,K1,50,
15,,,K2,50,
15,,,K3,50,
15,,,K4,50,
15,,,K5,50,
15,,,K6,50,
15,,,K7,50,
15,,,K8,50,
15,,,K9,50,
15,,,K10,50,
15,,,K11,50,
15,,,K12,50,
15,,,K13,50,
15,,,K14,50,
15,,,K15,50,
15,,,K16,50,
15,,,K17,50,
15,,,K18,50,
15,,,K19,50,
15,,,K20,50,
15,,,K21,50,
15,,,K22,50,
15,,,K23,50,
15,,,K24,50,
15,,,L1,50,
15,,,L2,50,
15,,,L3,50,
15,,,L4,50,
15,,,L5,50,
15,,,L6,50,
15,,,L7,50,
15,,,L8,50,
15,,,L9,50,
15,,,L10,50,
15,,,L11,50,
15,,,L12,50,
15,,,L13,50,
15,,,L14,50,
15,,,L15,50,
15,,,L16,50,
15,,,L17,50,
15,,,L18,50,
15,,,L19,50,
15,,,L20,50,
15,,,L21,50,
15,,,L22,50,
15,,,L23,50,
15,,,L24,50,
15,,,M1,50,
15,,,M2,50,
15,,,M3,50,
15,,,M4,50,
15,,,M5,50,
15,,,M6,50,
15,,,M7,50,
15,,,M8,50,
15,,,M9,50,
15,,,M10,50,
15,,,M11,50,
15,,,M12,50,
15,,,M13,50,
15,,,M14,50,
15,,,M15,50,
15,,,M16,50,
15,,,M17,50,
15,,,M18,50,
15,,,M19,50,
15,,,M20,50,
15,,,M21,50,
15,,,M22,50,
15,,,M23,50,
15,,,M24,50,
15,,,N1,50,
15,,,N2,50,
15,,,N3,50,
15,,,N4,50,
15,,,N5,50,
15,,,N6,50,
15,,,N7,50,
15,,,N8,50,
15,,,N9,50,
15,,,N10,50,
15,,,N11,50,
15,,,N12,50,
15,,,N13,50,
15,,,N14,50,
15,,,N15,50,
15,,,N16,50,
15,,,N17,50,
15,,,N18,50,
15,,,N19,50,
15,,,N20,50,
15,,,N21,50,
15,,,N22,50,
15,,,N23,50,
15,,,N24,50,
15,,,O1,50,
15,,,O2,50,
15,,,O3,50,
15,,,O4,50,
15,,,O5,50,
15,,,O6,50,
15,,,O7,50,
15,,,O8,50,
15,,,O9,50,
15,,,O10,50,
15,,,O11,50,
15,,,O12,50,
15,,,O13,50,
15,,,O14,50,
15,,,O15,50,
15,,,O16,50,
15,,,O17,50,
15,,,O18,50,
15,,,O19,50,
15,,,O20,50,
15,,,O21,50,
15,,,O22,50,
15,,,O23,50,
15,,,O24,50,
15,,,P1,50,
15,,,P2,50,
15,,,P3,50,
15,,,P4,50,
15,,,P5,50,
15,,,P6,50,
15,,,P7,50,
15,,,P8,50,
15,,,P9,50,
15,,,P10,50,
15,,,P11,50,
15,,,P12,50,
15,,,P13,50,
15,,,P14,50,
15,,,P15,50,
15,,,P16,50,
15,,,P17,50,
15,,,P18,50,
15,,,P19,50,
15,,,P20,50,
15,,,P21,50,
15,,,P22,50,
15,,,P23,50,
15,,,P24,50,
16,,,A1,0,
17,,,A1,50,
17,,,A2,50,
17,,,A3,50,
17,,,A4,50,
17,,,A5,50,
17,,,A6,7.0740736674122,
17,,,A7,50,
17,,,A8,50,
17,,,A9,50,
17,,,A10,50,
17,,,A11,50,
17,,,A12,50,
17,,,A13,50,
17,,,A14,50,
17,,,A15,50,
17,,,A16,50,
17,,,A17,50,
17,,,A18,50,
17,,,A19,50,
17,,,A20,50,
17,,,A21,50,
17,,,A22,50,
17,,,A23,50,
17,,,A24,50,
17,,,B1,50,
17,,,B2,50,
17,,,B3,50,
17,,,B4,50,
17,,,B5,50,
17,,,B6,50,
17,,,B7,50,
17,,,B8,10,
17,,,B9,50,
17,,,B10,50,
17,,,B11,50,
17,,,B12,50,
17,,,B13,50,
17,,,B14,50,
17,,,B15,50,
17,,,B16,50,
17,,,B17,50,
17,,,B18,50,
17,,,B19,50,
17,,,B20,50,
17,,,B21,50,
17,,,B22,50,
17,,,B23,50,
17,,,B24,50,
17,,,C1,50,
17,,,C2,50,
17,,,C3,50,
17,,,C4,50,
17,,,C5,50,
17,,,C6,50,
17,,,C7,50,
17,,,C8,50,
17,,,C9,50,
17,,,C10,50,
17,,,C11,50,
17,,,C12,50,
17,,,C13,50,
17,,,C14,50,
17,,,C15,50,
17,,,C16,50,
17,,,C17,50,
17,,,C18,50,
17,,,C19,50,
17,,,C20,50,
17,,,C21,50,
17,,,C22,50,
17,,,C23,50,
17,,,C24,50,
17,,,D1,50,
17,,,D2,50,
17,,,D3,50,
17,,,D4,50,
17,,,D5,50,
17,,,D6,50,
17,,,D7,50,
17,,,D8,50,
17,,,D9,50,
17,,,D10,50,
17,,,D11,50,
17,,,D12,50,
17,,,D13,50,
17,,,D14,50,
17,,,D15,50,
17,,,D16,50,
17,,,D17,50,
17,,,D18,50,
17,,,D19,50,
17,,,D20,50,
17,,,D21,50,
17,,,D22,50,
17,,,D23,50,
17,,,D24,50,
17,,,E1,50,
17,,,E2,50,
17,,,E3,50,
17,,,E4,50,
17,,,E5,50,
17,,,E6,50,
17,,,E7,50,
17,,,E8,50,
17,,,E9,50,
17,,,E10,50,
17,,,E11,50,
17,,,E12,50,
17,,,E13,50,
17,,,E14,50,
17,,,E15,50,
17,,,E16,50,
17,,,E17,50,
17,,,E18,50,
17,,,E19,50,
17,,,E20,50,
17,,,E21,50,
17,,,E22,50,
17,,,E23,50,
17,,,E24,50,
17,,,F1,50,
17,,,F2,50,
17,,,F3,50,
17,,,F4,50,
17,,,F5,50,
17,,,F6,50,
17,,,F7,50,
17,,,F8,50,
17,,,F9,50,
17,,,F10,50,
17,,,F11,50,
17,,,F12,50,
17,,,F13,50,
17,,,F14,50,
17,,,F15,50,
17,,,F16,50,
17,,,F17,50,
17,,,F18,50,
17,,,F19,50,
17,,,F20,50,
17,,,F21,50,
17,,,F22,50,
17,,,F23,50,
17,,,F24,50,
17,,,G1,50,
17,,,G2,50,
17,,,G3,50,
17,,,G4,50,
17,,,G5,50,
17,,,G6,50,
17,,,G7,50,
17,,,G8,50,
17,,,G9,50,
17,,,G10,50,
17,,,G11,50,
17,,,G12,50,
17,,,G13,50,
17,,,G14,50,
17,,,G15,50,
17,,,G16,50,
17,,,G17,50,
17,,,G18,50,
17,,,G19,50,
17,,,G20,50,
17,,,G21,50,
17,,,G22,50,
17,,,G23,50,
17,,,G24,50,
17,,,H1,50,
17,,,H2,50,
17,,,H3,50,
17,,,H4,50,
17,,,H5,50,
17,,,H6,50,
17,,,H7,50,
17,,,H8,50,
17,,,H9,50,
17,,,H10,50,
17,,,H11,50,
17,,,H12,50,
17,,,H13,50,
17,,,H14,50,
17,,,H15,50,
17,,,H16,50,
17,,,H17,50,
17,,,H18,50,
17,,,H19,50,
17,,,H20,50,
17,,,H21,50,
17,,,H22,50,
17,,,H23,50,
17,,,H24,50,
17,,,I1,50,
17,,,I2,50,
17,,,I3,50,
17,,,I4,50,
17,,,I5,50,
17,,,I6,50,
17,,,I7,50,
17,,,I8,50,
17,,,I9,50,
17,,,I10,50,
17,,,I11,50,
17,,,I12,50,
17,,,I13,50,
17,,,I14,50,
17,,,I15,50,
17,,,I16,50,
17,,,I17,50,
17,,,I18,50,
17,,,I19,50,
17,,,I20,50,
17,,,I21,50,
17,,,I22,50,
17,,,I23,50,
17,,,I24,50,
17,,,J1,50,
17,,,J2,50,
17,,,J3,50,
17,,,J4,50,
17,,,J5,50,
17,,,J6,50,
17,,,J7,50,
17,,,J8,50,
17,,,J9,50,
17,,,J10,50,
17,,,J11,50,
17,,,J12,50,
17,,,J13,50,
17,,,J14,50,
17,,,J15,50,
17,,,J16,50,
17,,,J17,50,
17,,,J18,50,
17,,,J19,50,
17,,,J20,50,
17,,,J21,50,
17,,,J22,50,
17,,,J23,50,
17,,,J24,50,
17,,,K1,50,
17,,,K2,50,
17,,,K3,50,
17,,,K4,50,
17,,,K5,50,
17,,,K6,50,
17,,,K7,50,
17,,,K8,50,
17,,,K9,50,
17,,,K10,50,
17,,,K11,50,
17,,,K12,50,
17,,,K13,50,
17,,,K14,50,
17,,,K15,50,
17,,,K16,50,
17,,,K17,50,
17,,,K18,50,
17,,,K19,50,
17,,,K20,50,
17,,,K21,50,
17,,,K22,50,
17,,,K23,50,
17,,,K24,50,
17,,,L1,50,
17,,,L2,50,
17,,,L3,50,
17,,,L4,50,
17,,,L5,50,
17,,,L6,50,
17,,,L7,50,
17,,,L8,50,
17,,,L9,50,
17,,,L10,50,
17,,,L11,50,
17,,,L12,50,
17,,,L13,50,
17,,,L14,50,
17,,,L15,50,
17,,,L16,50,
17,,,L17,50,
17,,,L18,50,
17,,,L19,50,
17,,,L20,50,
17,,,L21,50,
17,,,L22,50,
17,,,L23,50,
17,,,L24,50,
17,,,M1,50,
17,,,M2,50,
17,,,M3,50,
17,,,M4,50,
17,,,M5,50,
17,,,M6,50,
17,,,M7,50,
17,,,M8,50,
17,,,M9,50,
17,,,M10,50,
17,,,M11,50,
17,,,M12,50,
17,,,M13,50,
17,,,M14,50,
17,,,M15,50,
17,,,M16,50,
17,,,M17,50,
17,,,M18,50,
17,,,M19,50,
17,,,M20,50,
17,,,M21,50,
17,,,M22,50,
17,,,M23,50,
17,,,M24,50,
17,,,N1,50,
17,,,N2,50,
17,,,N3,50,
17,,,N4,50,
17,,,N5,50,
17,,,N6,50,
17,,,N7,50,
17,,,N8,50,
17,,,N9,50,
17,,,N10,50,
17,,,N11,50,
17,,,N12,50,
17,,,N13,50,
17,,,N14,50,
17,,,N15,50,
17,,,N16,50,
17,,,N17,50,
17,,,N18,50,
17,,,N19,50,
17,,,N20,50,
17,,,N21,50,
17,,,N22,50,
17,,,N23,50,
17,,,N24,50,
17,,,O1,50,
17,,,O2,50,
17,,,O3,50,
17,,,O4,50,
17,,,O5,50,
17,,,O6,50,
17,,,O7,50,
17,,,O8,50,
17,,,O9,50,
17,,,O10,50,
17,,,O11,50,
17,,,O12,50,
17,,,O13,50,
17,,,O14,50,
17,,,O15,50,
17,,,O16,50,
17,,,O17,50,
17,,,O18,50,
17,,,O19,50,
17,,,O20,50,
17,,,O21,50,
17,,,O22,50,
17,,,O23,50,
17,,,O24,50,
17,,,P1,50,
17,,,P2,50,
17,,,P3,50,
17,,,P4,50,
17,,,P5,50,
17,,,P6,50,
17,,,P7,50,
17,,,P8,50,
17,,,P9,50,
17,,,P10,50,
17,,,P11,50,
17,,,P12,50,
17,,,P13,50,
17,,,P14,50,
17,,,P15,50,
17,,,P16,50,
17,,,P17,50,
17,,,P18,50,
17,,,P19,50,
17,,,P20,50,
17,,,P21,50,
17,,,P22,50,
17,,,P23,50,
17,,,P24,50,
18,,,A1,0,
19,,,A1,50,
19,,,A2,50,
19,,,A3,50,
19,,,A4,50,
19,,,A5,50,
19,,,A6,50,
19,,,A7,50,
19,,,A8,50,
19,,,A9,50,
19,,,A10,50,
19,,,A11,5.7017555622806,
19,,,A12,50,
19,,,A13,50,
19,,,A14,50,
19,,,A15,50,
19,,,A16,50,
19,,,A17,50,
19,,,A18,50,
19,,,A19,50,
19,,,A20,50,
19,,,A21,50,
19,,,A22,50,
19,,,A23,50,
19,,,A24,50,
19,,,B1,50,
19,,,B2,10,
19,,,B3,50,
19,,,B4,50,
19,,,B5,50,
19,,,B6,50,
19,,,B7,50,
19,,,B8,50,
19,,,B9,50,
19,,,B10,50,
19,,,B11,50,
19,,,B12,50,
19,,,B13,50,
19,,,B14,50,
19,,,B15,50,
19,,,B16,50,
19,,,B17,50,
19,,,B18,50,
19,,,B19,50,
19,,,B20,50,
19,,,B21,50,
19,,,B22,50,
19,,,B23,50,
19,,,B24,50,
19,,,C1,50,
19,,,C2,50,
19,,,C3,50,
19,,,C4,50,
19,,,C5,50,
19,,,C6,50,
19,,,C7,50,
19,,,C8,50,
19,,,C9,50,
19,,,C10,50,
19,,,C11,50,
19,,,C12,50,
19,,,C13,50,
19,,,C14,50,
19,,,C15,50,
19,,,C16,50,
19,,,C17,50,
19,,,C18,50,
19,,,C19,50,
19,,,C20,50,
19,,,C21,50,
19,,,C22,50,
19,,,C23,50,
19,,,C24,50,
19,,,D1,50,
19,,,D2,50,
19,,,D3,50,
19,,,D4,50,
19,,,D5,50,
19,,,D6,50,
19,,,D7,50,
19,,,D8,50,
19,,,D9,50,
19,,,D10,50,
19,,,D11,50,
19,,,D12,50,
19,,,D13,50,
19,,,D14,50,
19,,,D15,50,
19,,,D16,50,
19,,,D17,50,
19,,,D18,50,
19,,,D19,50,
19,,,D20,50,
19,,,D21,50,
19,,,D22,50,
19,,,D23,50,
19,,,D24,50,
19,,,E1,50,
19,,,E2,50,
19,,,E3,50,
19,,,E4,50,
19,,,E5,50,
19,,,E6,50,
19,,,E7,50,
19,,,E8,50,
19,,,E9,50,
19,,,E10,50,
19,,,E11,50,
19,,,E12,50,
19,,,E13,50,
19,,,E14,50,
19,,,E15,50,
19,,,E16,50,
19,,,E17,50,
19,,,E18,50,
19,,,E19,50,
19,,,E20,50,
19,,,E21,50,
19,,,E22,50,
19,,,E23,50,
19,,,E24,50,
19,,,F1,50,
19,,,F2,50,
19,,,F3,50,
19,,,F4,50,
19,,,F5,50,
19,,,F6,50,
19,,,F7,50,
19,,,F8,50,
19,,,F9,50,
19,,,F10,50,
19,,,F11,50,
19,,,F12,50,
19,,,F13,50,
19,,,F14,50,
19,,,F15,50,
19,,,F16,50,
19,,,F17,50,
19,,,F18,50,
19,,,F19,50,
19,,,F20,50,
19,,,F21,50,
19,,,F22,50,
19,,,F23,50,
19,,,F24,50,
19,,,G1,50,
19,,,G2,50,
19,,,G3,50,
19,,,G4,50,
19,,,G5,50,
19,,,G6,50,
19,,,G7,50,
19,,,G8,50,
19,,,G9,50,
19,,,G10,50,
19,,,G11,50,
19,,,G12,50,
19,,,G13,50,
19,,,G14,50,
19,,,G15,50,
19,,,G16,50,
19,,,G17,50,
19,,,G18,50,
19,,,G19,50,
19,,,G20,50,
19,,,G21,50,
19,,,G22,50,
19,,,G23,50,
19,,,G24,50,
19,,,H1,50,
19,,,H2,50,
19,,,H3,50,
19,,,H4,50,
19,,,H5,50,
19,,,H6,50,
19,,,H7,50,
19,,,H8,50,
19,,,H9,50,
19,,,H10,50,
19,,,H11,50,
19,,,H12,50,
19,,,H13,50,
19,,,H14,50,
19,,,H15,50,
19,,,H16,50,
19,,,H17,50,
19,,,H18,50,
19,,,H19,50,
19,,,H20,50,
19,,,H21,50,
19,,,H22,50,
19,,,H23,50,
19,,,H24,50,
19,,,I1,50,
19,,,I2,50,
19,,,I3,50,
19,,,I4,50,
19,,,I5,50,
19,,,I6,50,
19,,,I7,50,
19,,,I8,50,
19,,,I9,50,
19,,,I10,50,
19,,,I11,50,
19,,,I12,50,
19,,,I13,50,
19,,,I14,50,
19,,,I15,50,
19,,,I16,50,
19,,,I17,50,
19,,,I18,50,
19,,,I19,50,
19,,,I20,50,
19,,,I21,50,
19,,,I22,50,
19,,,I23,50,
19,,,I24,50,
19,,,J1,50,
19,,,J2,50,
19,,,J3,50,
19,,,J4,50,
19,,,J5,50,
19,,,J6,50,
19,,,J7,50,
19,,,J8,50,
19,,,J9,50,
19,,,J10,50,
19,,,J11,50,
19,,,J12,50,
19,,,J13,50,
19,,,J14,50,
19,,,J15,50,
19,,,J16,50,
19,,,J17,50,
19,,,J18,50,
19,,,J19,50,
19,,,J20,50,
19,,,J21,50,
19,,,J22,50,
19,,,J23,50,
19,,,J24,50,
19,,,K1,50,
19,,,K2,50,
19,,,K3,50,
19,,,K4,50,
19,,,K5,50,
19,,,K6,50,
19,,,K7,50,
19,,,K8,50,
19,,,K9,50,
19,,,K10,50,
19,,,K11,50,
19,,,K12,50,
19,,,K13,50,
19,,,K14,50,
19,,,K15,50,
19,,,K16,50,
19,,,K17,50,
19,,,K18,50,
19,,,K19,50,
19,,,K20,50,
19,,,K21,50,
19,,,K22,50,
19,,,K23,50,
19,,,K24,50,
19,,,L1,50,
19,,,L2,50,
19,,,L3,50,
19,,,L4,50,
19,,,L5,50,
19,,,L6,50,
19,,,L7,50,
19,,,L8,50,
19,,,L9,50,
19,,,L10,50,
19,,,L11,50,
19,,,L12,50,
19,,,L13,50,
19,,,L14,50,
19,,,L15,50,
19,,,L16,50,
19,,,L17,50,
19,,,L18,50,
19,,,L19,50,
19,,,L20,50,
19,,,L21,50,
19,,,L22,50,
19,,,L23,50,
19,,,L24,50,
19,,,M1,50,
19,,,M2,50,
19,,,M3,50,
19,,,M4,50,
19,,,M5,50,
19,,,M6,50,
19,,,M7,50,
19,,,M8,50,
19,,,M9,50,
19,,,M10,50,
19,,,M11,50,
19,,,M12,50,
19,,,M13,50,
19,,,M14,50,
19,,,M15,50,
19,,,M16,50,
19,,,M17,50,
19,,,M18,50,
19,,,M19,50,
19,,,M20,50,
19,,,M21,50,
19,,,M22,50,
19,,,M23,50,
19,,,M24,50,
19,,,N1,50,
19,,,N2,50,
19,,,N3,50,
19,,,N4,50,
19,,,N5,50,
19,,,N6,50,
19,,,N7,50,
19,,,N8,50,
19,,,N9,50,
19,,,N10,50,
19,,,N11,50,
19,,,N12,50,
19,,,N13,50,
19,,,N14,50,
19,,,N15,50,
19,,,N16,50,
19,,,N17,50,
19,,,N18,50,
19,,,N19,50,
19,,,N20,50,
19,,,N21,50,
19,,,N22,50,
19,,,N23,50,
19,,,N24,50,
19,,,O1,50,
19,,,O2,50,
19,,,O3,50,
19,,,O4,50,
19,,,O5,50,
19,,,O6,50,
19,,,O7,50,
19,,,O8,50,
19,,,O9,50,
19,,,O10,50,
19,,,O11,50,
19,,,O12,50,
19,,,O13,50,
19,,,O14,50,
19,,,O15,50,
19,,,O16,50,
19,,,O17,50,
19,,,O18,50,
19,,,O19,50,
19,,,O20,50,
19,,,O21,50,
19,,,O22,50,
19,,,O23,50,
19,,,O24,50,
19,,,P1,50,
19,,,P2,50,
19,,,P3,50,
19,,,P4,50,
19,,,P5,50,
19,,,P6,50,
19,,,P7,50,
19,,,P8,50,
19,,,P9,50,
19,,,P10,50,
19,,,P11,50,
19,,,P12,50,
19,,,P13,50,
19,,,P14,50,
19,,,P15,50,
19,,,P16,50,
19,,,P17,50,
19,,,P18,50,
19,,,P19,50,
19,,,P20,50,
19,,,P21,50,
19,,,P22,50,
19,,,P23,50,
19,,,P24,50,
20,,,A1,0,
21,,,A1,50,
21,,,A2,50,
21,,,A3,50,
21,,,A4,50,
21,,,A5,50,
21,,,A6,50,
21,,,A7,50,
21,,,A8,50,
21,,,A9,50,
21,,,A10,50,
21,,,A11,50,
21,,,A12,50,
21,,,A13,50,
21,,,A14,50,
21,,,A15,50,
21,,,A16,50,
21,,,A17,50,
21,,,A18,50,
21,,,A19,50,
21,,,A20,50,
21,,,A21,50,
21,,,A22,50,
21,,,A23,50,
21,,,A24,50,
21,,,B1,50,
21,,,B2,50,
21,,,B3,50,
21,,,B4,50,
21,,,B5,50,
21,,,B6,50,
21,,,B7,50,
21,,,B8,50,
21,,,B9,50,
21,,,B10,50,
21,,,B11,50,
21,,,B12,50,
21,,,B13,50,
21,,,B14,50,
21,,,B15,50,
21,,,B16,50,
21,,,B17,50,
21,,,B18,50,
21,,,B19,50,
21,,,B20,50,
21,,,B21,50,
21,,,B22,50,
21,,,B23,50,
21,,,B24,50,
21,,,C1,50,
21,,,C2,50,
21,,,C3,50,
21,,,C4,50,
21,,,C5,50,
21,,,C6,50,
21,,,C7,50,
21,,,C8,50,
21,,,C9,50,
21,,,C10,50,
21,,,C11,50,
21,,,C12,50,
21,,,C13,50,
21,,,C14,10.8666684105282,
21,,,C15,50,
21,,,C16,50,
21,,,C17,50,
21,,,C18,50,
21,,,C19,50,
21,,,C20,50,
21,,,C21,50,
21,,,C22,50,
21,,,C23,50,
21,,,C24,50,
21,,,D1,50,
21,,,D2,50,
21,,,D3,50,
21,,,D4,50,
21,,,D5,50,
21,,,D6,50,
21,,,D7,50,
21,,,D8,50,
21,,,D9,50,
21,,,D10,50,
21,,,D11,50,
21,,,D12,10,
21,,,D13,50,
21,,,D14,50,
21,,,D15,50,
21,,,D16,50,
21,,,D17,50,
21,,,D18,50,
21,,,D19,50,
21,,,D20,50,
21,,,D21,50,
21,,,D22,50,
21,,,D23,50,
21,,,D24,50,
21,,,E1,50,
21,,,E2,50,
21,,,E3,50,
21,,,E4,50,
21,,,E5,50,
21,,,E6,50,
21,,,E7,50,
21,,,E8,50,
21,,,E9,50,
21,,,E10,50,
21,,,E11,50,
21,,,E12,50,
21,,,E13,50,
21,,,E14,50,
21,,,E15,50,
21,,,E16,50,
21,,,E17,50,
21,,,E18,50,
21,,,E19,50,
21,,,E20,50,
21,,,E21,50,
21,,,E22,50,
21,,,E23,50,
21,,,E24,50,
21,,,F1,50,
21,,,F2,50,
21,,,F3,50,
21,,,F4,50,
21,,,F5,50,
21,,,F6,50,
21,,,F7,50,
21,,,F8,50,
21,,,F9,50,
21,,,F10,50,
21,,,F11,50,
21,,,F12,50,
21,,,F13,50,
21,,,F14,50,
21,,,F15,50,
21,,,F16,50,
21,,,F17,50,
21,,,F18,50,
21,,,F19,50,
21,,,F20,50,
21,,,F21,50,
21,,,F22,50,
21,,,F23,50,
21,,,F24,50,
21,,,G1,50,
21,,,G2,50,
21,,,G3,50,
21,,,G4,50,
21,,,G5,50,
21,,,G6,50,
21,,,G7,50,
21,,,G8,50,
21,,,G9,50,
21,,,G10,50,
21,,,G11,50,
21,,,G12,50,
21,,,G13,50,
21,,,G14,50,
21,,,G15,50,
21,,,G16,50,
21,,,G17,50,
21,,,G18,50,
21,,,G19,50,
21,,,G20,50,
21,,,G21,50,
21,,,G22,50,
21,,,G23,50,
21,,,G24,50,
21,,,H1,50,
21,,,H2,50,
21,,,H3,50,
21,,,H4,50,
21,,,H5,50,
21,,,H6,50,
21,,,H7,50,
21,,,H8,50,
21,,,H9,50,
21,,,H10,50,
21,,,H11,50,
21,,,H12,50,
21,,,H13,50,
21,,,H14,50,
21,,,H15,50,
21,,,H16,50,
21,,,H17,50,
21,,,H18,50,
21,,,H19,50,
21,,,H20,50,
21,,,H21,50,
21,,,H22,50,
21,,,H23,50,
21,,,H24,50,
21,,,I1,50,
21,,,I2,50,
21,,,I3,50,
21,,,I4,50,
21,,,I5,50,
21,,,I6,50,
21,,,I7,50,
21,,,I8,50,
21,,,I9,50,
21,,,I10,50,
21,,,I11,50,
21,,,I12,50,
21,,,I13,50,
21,,,I14,50,
21,,,I15,50,
21,,,I16,50,
21,,,I17,50,
21,,,I18,50,
21,,,I19,50,
21,,,I20,50,
21,,,I21,50,
21,,,I22,50,
21,,,I23,50,
21,,,I24,50,
21,,,J1,50,
21,,,J2,50,
21,,,J3,50,
21,,,J4,50,
21,,,J5,50,
21,,,J6,50,
21,,,J7,50,
21,,,J8,50,
21,,,J9,50,
21,,,J10,50,
21,,,J11,50,
21,,,J12,50,
21,,,J13,50,
21,,,J14,50,
21,,,J15,50,
21,,,J16,50,
21,,,J17,50,
21,,,J18,50,
21,,,J19,50,
21,,,J20,50,
21,,,J21,50,
21,,,J22,50,
21,,,J23,50,
21,,,J24,50,
21,,,K1,50,
21,,,K2,50,
21,,,K3,50,
21,,,K4,50,
21,,,K5,50,
21,,,K6,50,
21,,,K7,50,
21,,,K8,50,
21,,,K9,50,
21,,,K10,50,
21,,,K11,50,
21,,,K12,50,
21,,,K13,50,
21,,,K14,50,
21,,,K15,50,
21,,,K16,50,
21,,,K17,50,
21,,,K18,50,
21,,,K19,50,
21,,,K20,50,
21,,,K21,50,
21,,,K22,50,
21,,,K23,50,
21,,,K24,50,
21,,,L1,50,
21,,,L2,50,
21,,,L3,50,
21,,,L4,50,
21,,,L5,50,
21,,,L6,50,
21,,,L7,50,
21,,,L8,50,
21,,,L9,50,
21,,,L10,50,
21,,,L11,50,
21,,,L12,50,
21,,,L13,50,
21,,,L14,50,
21,,,L15,50,
21,,,L16,50,
21,,,L17,50,
21,,,L18,50,
21,,,L19,50,
21,,,L20,50,
21,,,L21,50,
21,,,L22,50,
21,,,L23,50,
21,,,L24,50,
21,,,M1,50,
21,,,M2,50,
21,,,M3,50,
21,,,M4,50,
21,,,M5,50,
21,,,M6,50,
21,,,M7,50,
21,,,M8,50,
21,,,M9,50,
21,,,M10,50,
21,,,M11,50,
21,,,M12,50,
21,,,M13,50,
21,,,M14,50,
21,,,M15,50,
21,,,M16,50,
21,,,M17,50,
21,,,M18,50,
21,,,M19,50,
21,,,M20,50,
21,,,M21,50,
21,,,M22,50,
21,,,M23,50,
21,,,M24,50,
21,,,N1,50,
21,,,N2,50,
21,,,N3,50,
21,,,N4,50,
21,,,N5,50,
21,,,N6,50,
21,,,N7,50,
21,,,N8,50,
21,,,N9,50,
21,,,N10,50,
21,,,N11,50,
21,,,N12,50,
21,,,N13,50,
21,,,N14,50,
21,,,N15,50,
21,,,N16,50,
21,,,N17,50,
21,,,N18,50,
21,,,N19,50,
21,,,N20,50,
21,,,N21,50,
21,,,N22,50,
21,,,N23,50,
21,,,N24,50,
21,,,O1,50,
21,,,O2,50,
21,,,O3,50,
21,,,O4,50,
21,,,O5,50,
21,,,O6,50,
21,,,O7,50,
21,,,O8,50,
21,,,O9,50,
21,,,O10,50,
21,,,O11,50,
21,,,O12,50,
21,,,O13,50,
21,,,O14,50,
21,,,O15,50,
21,,,O16,50,
21,,,O17,50,
21,,,O18,50,
21,,,O19,50,
21,,,O20,50,
21,,,O21,50,
21,,,O22,50,
21,,,O23,50,
21,,,O24,50,
21,,,P1,50,
21,,,P2,50,
21,,,P3,50,
21,,,P4,50,
21,,,P5,50,
21,,,P6,50,
21,,,P7,50,
21,,,P8,50,
21,,,P9,50,
21,,,P10,50,
21,,,P11,50,
21,,,P12,50,
21,,,P13,50,
21,,,P14,50,
21,,,P15,50,
21,,,P16,50,
21,,,P17,50,
21,,,P18,50,
21,,,P19,50,
21,,,P20,50,
21,,,P21,50,
21,,,P22,50,
21,,,P23,50,
21,,,P24,50,
22,,,A1,0,
23,,,A1,50,
23,,,A2,50,
23,,,A3,50,
23,,,A4,50,
23,,,A5,50,
23,,,A6,50,
23,,,A7,50,
23,,,A8,50,
23,,,A9,50,
23,,,A10,50,
23,,,A11,50,
23,,,A12,50,
23,,,A13,50,
23,,,A14,50,
23,,,A15,50,
23,,,A16,50,
23,,,A17,50,
23,,,A18,50,
23,,,A19,50,
23,,,A20,50,
23,,,A21,50,
23,,,A22,50,
23,,,A23,50,
23,,,A24,50,
23,,,B1,50,
23,,,B2,50,
23,,,B3,50,
23,,,B4,50,
23,,,B5,50,
23,,,B6,50,
23,,,B7,50,
23,,,B8,50,
23,,,B9,50,
23,,,B10,50,
23,,,B11,50,
23,,,B12,50,
23,,,B13,50,
23,,,B14,50,
23,,,B15,50,
23,,,B16,50,
23,,,B17,50,
23,,,B18,50,
23,,,B19,50,
23,,,B20,50,
23,,,B21,50,
23,,,B22,50,
23,,,B23,50,
23,,,B24,50,
23,,,C1,50,
23,,,C2,50,
23,,,C3,50,
23,,,C4,50,
23,,,C5,50,
23,,,C6,50,
23,,,C7,50,
23,,,C8,50,
23,,,C9,50,
23,,,C10,50,
23,,,C11,50,
23,,,C12,50,
23,,,C13,50,
23,,,C14,50,
23,,,C15,10,
23,,,C16,50,
23,,,C17,50,
23,,,C18,50,
23,,,C19,50,
23,,,C20,50,
23,,,C21,50,
23,,,C22,50,
23,,,C23,50,
23,,,C24,50,
23,,,D1,50,
23,,,D2,50,
23,,,D3,50,
23,,,D4,50,
23,,,D5,50,
23,,,D6,50,
23,,,D7,50,
23,,,D8,50,
23,,,D9,50,
23,,,D10,50,
23,,,D11,50,
23,,,D12,50,
23,,,D13,9.2671985152061,
23,,,D14,50,
23,,,D15,50,
23,,,D16,50,
23,,,D17,50,
23,,,D18,50,
23,,,D19,50,
23,,,D20,50,
23,,,D21,50,
23,,,D22,50,
23,,,D23,50,
23,,,D24,50,
23,,,E1,50,
23,,,E2,50,
23,,,E3,50,
23,,,E4,50,
23,,,E5,50,
23,,,E6,50,
23,,,E7,50,
23,,,E8,50,
23,,,E9,50,
23,,,E10,50,
23,,,E11,50,
23,,,E12,50,
23,,,E13,50,
23,,,E14,50,
23,,,E15,50,
23,,,E16,50,
23,,,E17,50,
23,,,E18,50,
23,,,E19,50,
23,,,E20,50,
23,,,E21,50,
23,,,E22,50,
23,,,E23,50,
23,,,E24,50,
23,,,F1,50,
23,,,F2,50,
23,,,F3,50,
23,,,F4,50,
23,,,F5,50,
23,,,F6,50,
23,,,F7,50,
23,,,F8,50,
23,,,F9,50,
23,,,F10,50,
23,,,F11,50,
23,,,F12,50,
23,,,F13,50,
23,,,F14,50,
23,,,F15,50,
23,,,F16,50,
23,,,F17,50,
23,,,F18,50,
23,,,F19,50,
23,,,F20,50,
23,,,F21,50,
23,,,F22,50,
23,,,F23,50,
23,,,F24,50,
23,,,G1,50,
23,,,G2,50,
23,,,G3,50,
23,,,G4,50,
23,,,G5,50,
23,,,G6,50,
23,,,G7,50,
23,,,G8,50,
23,,,G9,50,
23,,,G10,50,
23,,,G11,50,
23,,,G12,50,
23,,,G13,50,
23,,,G14,50,
23,,,G15,50,
23,,,G16,50,
23,,,G17,50,
23,,,G18,50,
23,,,G19,50,
23,,,G20,50,
23,,,G21,50,
23,,,G22,50,
23,,,G23,50,
23,,,G24,50,
23,,,H1,50,
23,,,H2,50,
23,,,H3,50,
23,,,H4,50,
23,,,H5,50,
23,,,H6,50,
23,,,H7,50,
23,,,H8,50,
23,,,H9,50,
23,,,H10,50,
23,,,H11,50,
23,,,H12,50,
23,,,H13,50,
23,,,H14,50,
23,,,H15,50,
23,,,H16,50,
23,,,H17,50,
23,,,H18,50,
23,,,H19,50,
23,,,H20,50,
23,,,H21,50,
23,,,H22,50,
23,,,H23,50,
23,,,H24,50,
23,,,I1,50,
23,,,I2,50,
23,,,I3,50,
23,,,I4,50,
23,,,I5,50,
23,,,I6,50,
23,,,I7,50,
23,,,I8,50,
23,,,I9,50,
23,,,I10,50,
23,,,I11,50,
23,,,I12,50,
23,,,I13,50,
23,,,I14,50,
23,,,I15,50,
23,,,I16,50,
23,,,I17,50,
23,,,I18,50,
23,,,I19,50,
23,,,I20,50,
23,,,I21,50,
23,,,I22,50,
23,,,I23,50,
23,,,I24,50,
23,,,J1,50,
23,,,J2,50,
23,,,J3,50,
23,,,J4,50,
23,,,J5,50,
23,,,J6,50,
23,,,J7,50,
23,,,J8,50,
23,,,J9,50,
23,,,J10,50,
23,,,J11,50,
23,,,J12,50,
23,,,J13,50,
23,,,J14,50,
23,,,J15,50,
23,,,J16,50,
23,,,J17,50,
23,,,J18,50,
23,,,J19,50,
23,,,J20,50,
23,,,J21,50,
23,,,J22,50,
23,,,J23,50,
23,,,J24,50,
23,,,K1,50,
23,,,K2,50,
23,,,K3,50,
23,,,K4,50,
23,,,K5,50,
23,,,K6,50,
23,,,K7,50,
23,,,K8,50,
23,,,K9,50,
23,,,K10,50,
23,,,K11,50,
23,,,K12,50,
23,,,K13,50,
23,,,K14,50,
23,,,K15,50,
23,,,K16,50,
23,,,K17,50,
23,,,K18,50,
23,,,K19,50,
23,,,K20,50,
23,,,K21,50,
23,,,K22,50,
23,,,K23,50,
23,,,K24,50,
23,,,L1,50,
23,,,L2,50,
23,,,L3,50,
23,,,L4,50,
23,,,L5,50,
23,,,L6,50,
23,,,L7,50,
23,,,L8,50,
23,,,L9,50,
23,,,L10,50,
23,,,L11,50,
23,,,L12,50,
23,,,L13,50,
23,,,L14,50,
23,,,L15,50,
23,,,L16,50,
23,,,L17,50,
23,,,L18,50,
23,,,L19,50,
23,,,L20,50,
23,,,L21,50,
23,,,L22,50,
23,,,L23,50,
23,,,L24,50,
23,,,M1,50,
23,,,M2,50,
23,,,M3,50,
23,,,M4,50,
23,,,M5,50,
23,,,M6,50,
23,,,M7,50,
23,,,M8,50,
23,,,M9,50,
23,,,M10,50,
23,,,M11,50,
23,,,M12,50,
23,,,M13,50,
23,,,M14,50,
23,,,M15,50,
23,,,M16,50,
23,,,M17,50,
23,,,M18,50,
23,,,M19,50,
23,,,M20,50,
23,,,M21,50,
23,,,M22,50,
23,,,M23,50,
23,,,M24,50,
23,,,N1,50,
23,,,N2,50,
23,,,N3,50,
23,,,N4,50,
23,,,N5,50,
23,,,N6,50,
23,,,N7,50,
23,,,N8,50,
23,,,N9,50,
23,,,N10,50,
23,,,N11,50,
23,,,N12,50,
23,,,N13,50,
23,,,N14,50,
23,,,N15,50,
23,,,N16,50,
23,,,N17,50,
23,,,N18,50,
23,,,N19,50,
23,,,N20,50,
23,,,N21,50,
23,,,N22,50,
23,,,N23,50,
23,,,N24,50,
23,,,O1,50,
23,,,O2,50,
23,,,O3,50,
23,,,O4,50,
23,,,O5,50,
23,,,O6,50,
23,,,O7,50,
23,,,O8,50,
23,,,O9,50,
23,,,O10,50,
23,,,O11,50,
23,,,O12,50,
23,,,O13,50,
23,,,O14,50,
23,,,O15,50,
23,,,O16,50,
23,,,O17,50,
23,,,O18,50,
23,,,O19,50,
23,,,O20,50,
23,,,O21,50,
23,,,O22,50,
23,,,O23,50,
23,,,O24,50,
23,,,P1,50,
23,,,P2,50,
23,,,P3,50,
23,,,P4,50,
23,,,P5,50,
23,,,P6,50,
23,,,P7,50,
23,,,P8,50,
23,,,P9,50,
23,,,P10,50,
23,,,P11,50,
23,,,P12,50,
23,,,P13,50,
23,,,P14,50,
23,,,P15,50,
23,,,P16,50,
23,,,P17,50,
23,,,P18,50,
23,,,P19,50,
23,,,P20,50,
23,,,P21,50,
23,,,P22,50,
23,,,P23,50,
23,,,P24,50,
24,,,A1,0,
25,,,A1,50,
25,,,A2,50,
25,,,A3,50,
25,,,A4,50,
25,,,A5,50,
25,,,A6,50,
25,,,A7,50,
25,,,A8,50,
25,,,A9,50,
25,,,A10,50,
25,,,A11,50,
25,,,A12,50,
25,,,A13,50,
25,,,A14,50,
25,,,A15,50,
25,,,A16,50,
25,,,A17,50,
25,,,A18,50,
25,,,A19,50,
25,,,A20,50,
25,,,A21,50,
25,,,A22,50,
25,,,A23,50,
25,,,A24,50,
25,,,B1,50,
25,,,B2,50,
25,,,B3,50,
25,,,B4,50,
25,,,B5,50,
25,,,B6,50,
25,,,B7,50,
25,,,B8,50,
25,,,B9,50,
25,,,B10,50,
25,,,B11,50,
25,,,B12,50,
25,,,B13,50,
25,,,B14,50,
25,,,B15,50,
25,,,B16,50,
25,,,B17,50,
25,,,B18,50,
25,,,B19,50,
25,,,B20,50,
25,,,B21,50,
25,,,B22,50,
25,,,B23,50,
25,,,B24,50,
25,,,C1,50,
25,,,C2,50,
25,,,C3,50,
25,,,C4,50,
25,,,C5,50,
25,,,C6,50,
25,,,C7,10,
25,,,C8,50,
25,,,C9,50,
25,,,C10,50,
25,,,C11,50,
25,,,C12,50,
25,,,C13,50,
25,,,C14,50,
25,,,C15,50,
25,,,C16,50,
25,,,C17,50,
25,,,C18,50,
25,,,C19,50,
25,,,C20,50,
25,,,C21,50,
25,,,C22,50,
25,,,C23,50,
25,,,C24,50,
25,,,D1,50,
25,,,D2,50,
25,,,D3,50,
25,,,D4,50,
25,,,D5,50,
25,,,D6,50,
25,,,D7,50,
25,,,D8,50,
25,,,D9,50,
25,,,D10,10,
25,,,D11,50,
25,,,D12,50,
25,,,D13,50,
25,,,D14,50,
25,,,D15,50,
25,,,D16,50,
25,,,D17,50,
25,,,D18,50,
25,,,D19,50,
25,,,D20,50,
25,,,D21,50,
25,,,D22,50,
25,,,D23,50,
25,,,D24,50,
25,,,E1,50,
25,,,E2,50,
25,,,E3,50,
25,,,E4,50,
25,,,E5,50,
25,,,E6,50,
25,,,E7,50,
25,,,E8,50,
25,,,E9,50,
25,,,E10,50,
25,,,E11,50,
25,,,E12,50,
25,,,E13,50,
25,,,E14,50,
25,,,E15,50,
25,,,E16,50,
25,,,E17,50,
25,,,E18,50,
25,,,E19,50,
25,,,E20,50,
25,,,E21,50,
25,,,E22,50,
25,,,E23,50,
25,,,E24,50,
25,,,F1,50,
25,,,F2,50,
25,,,F3,50,
25,,,F4,50,
25,,,F5,50,
25,,,F6,50,
25,,,F7,50,
25,,,F8,50,
25,,,F9,50,
25,,,F10,50,
25,,,F11,50,
25,,,F12,50,
25,,,F13,50,
25,,,F14,50,
25,,,F15,50,
25,,,F16,50,
25,,,F17,50,
25,,,F18,50,
25,,,F19,50,
25,,,F20,50,
25,,,F21,50,
25,,,F22,50,
25,,,F23,50,
25,,,F24,50,
25,,,G1,50,
25,,,G2,50,
25,,,G3,50,
25,,,G4,50,
25,,,G5,50,
25,,,G6,50,
25,,,G7,50,
25,,,G8,50,
25,,,G9,50,
25,,,G10,50,
25,,,G11,50,
25,,,G12,50,
25,,,G13,50,
25,,,G14,50,
25,,,G15,50,
25,,,G16,50,
25,,,G17,50,
25,,,G18,50,
25,,,G19,50,
25,,,G20,50,
25,,,G21,50,
25,,,G22,50,
25,,,G23,50,
25,,,G24,50,
25,,,H1,50,
25,,,H2,50,
25,,,H3,50,
25,,,H4,50,
25,,,H5,50,
25,,,H6,50,
25,,,H7,50,
25,,,H8,50,
25,,,H9,50,
25,,,H10,50,
25,,,H11,50,
25,,,H12,50,
25,,,H13,50,
25,,,H14,50,
25,,,H15,50,
25,,,H16,50,
25,,,H17,50,
25,,,H18,50,
25,,,H19,50,
25,,,H20,50,
25,,,H21,50,
25,,,H22,50,
25,,,H23,50,
25,,,H24,50,
25,,,I1,50,
25,,,I2,50,
25,,,I3,50,
25,,,I4,50,
25,,,I5,50,
25,,,I6,50,
25,,,I7,50,
25,,,I8,50,
25,,,I9,50,
25,,,I10,50,
25,,,I11,50,
25,,,I12,50,
25,,,I13,50,
25,,,I14,50,
25,,,I15,50,
25,,,I16,50,
25,,,I17,50,
25,,,I18,50,
25,,,I19,50,
25,,,I20,50,
25,,,I21,50,
25,,,I22,50,
25,,,I23,50,
25,,,I24,50,
25,,,J1,50,
25,,,J2,50,
25,,,J3,50,
25,,,J4,50,
25,,,J5,50,
25,,,J6,50,
25,,,J7,50,
25,,,J8,50,
25,,,J9,50,
25,,,J10,50,
25,,,J11,50,
25,,,J12,50,
25,,,J13,50,
25,,,J14,50,
25,,,J15,50,
25,,,J16,50,
25,,,J17,50,
25,,,J18,50,
25,,,J19,50,
25,,,J20,50,
25,,,J21,50,
25,,,J22,50,
25,,,J23,50,
25,,,J24,50,
25,,,K1,50,
25,,,K2,50,
25,,,K3,50,
25,,,K4,50,
25,,,K5,50,
25,,,K6,50,
25,,,K7,50,
25,,,K8,50,
25,,,K9,50,
25,,,K10,50,
25,,,K11,50,
25,,,K12,50,
25,,,K13,50,
25,,,K14,50,
25,,,K15,50,
25,,,K16,50,
25,,,K17,50,
25,,,K18,50,
25,,,K19,50,
25,,,K20,50,
25,,,K21,50,
25,,,K22,50,
25,,,K23,50,
25,,,K24,50,
25,,,L1,50,
25,,,L2,50,
25,,,L3,50,
25,,,L4,50,
25,,,L5,50,
25,,,L6,50,
25,,,L7,50,
25,,,L8,50,
25,,,L9,50,
25,,,L10,50,
25,,,L11,50,
25,,,L12,50,
25,,,L13,50,
25,,,L14,50,
25,,,L15,50,
25,,,L16,50,
25,,,L17,50,
25,,,L18,50,
25,,,L19,50,
25,,,L20,50,
25,,,L21,50,
25,,,L22,50,
25,,,L23,50,
25,,,L24,50,
25,,,M1,50,
25,,,M2,50,
25,,,M3,50,
25,,,M4,50,
25,,,M5,50,
25,,,M6,50,
25,,,M7,50,
25,,,M8,50,
25,,,M9,50,
25,,,M10,50,
25,,,M11,50,
25,,,M12,50,
25,,,M13,50,
25,,,M14,50,
25,,,M15,50,
25,,,M16,50,
25,,,M17,50,
25,,,M18,50,
25,,,M19,50,
25,,,M20,50,
25,,,M21,50,
25,,,M22,50,
25,,,M23,50,
25,,,M24,50,
25,,,N1,50,
25,,,N2,50,
25,,,N3,50,
25,,,N4,50,
25,,,N5,50,
25,,,N6,50,
25,,,N7,50,
25,,,N8,50,
25,,,N9,50,
25,,,N10,50,
25,,,N11,50,
25,,,N12,50,
25,,,N13,50,
25,,,N14,50,
25,,,N15,50,
25,,,N16,50,
25,,,N17,50,
25,,,N18,50,
25,,,N19,50,
25,,,N20,50,
25,,,N21,50,
25,,,N22,50,
25,,,N23,50,
25,,,N24,50,
25,,,O1,50,
25,,,O2,50,
25,,,O3,50,
25,,,O4,50,
25,,,O5,50,
25,,,O6,50,
25,,,O7,50,
25,,,O8,50,
25,,,O9,50,
25,,,O10,50,
25,,,O11,50,
25,,,O12,50,
25,,,O13,50,
25,,,O14,50,
25,,,O15,50,
25,,,O16,50,
25,,,O17,50,
25,,,O18,50,
25,,,O19,50,
25,,,O20,50,
25,,,O21,50,
25,,,O22,50,
25,,,O23,50,
25,,,O24,50,
25,,,P1,50,
25,,,P2,50,
25,,,P3,50,
25,,,P4,50,
25,,,P5,50,
25,,,P6,50,
25,,,P7,50,
25,,,P8,50,
25,,,P9,50,
25,,,P10,50,
25,,,P11,50,
25,,,P12,50,
25,,,P13,50,
25,,,P14,50,
25,,,P15,50,
25,,,P16,50,
25,,,P17,50,
25,,,P18,50,
25,,,P19,50,
25,,,P20,50,
25,,,P21,50,
25,,,P22,50,
25,,,P23,50,
25,,,P24,50,
26,,,A1,0,
27,,,A1,50,
27,,,A2,50,
27,,,A3,50,
27,,,A4,50,
27,,,A5,50,
27,,,A6,50,
27,,,A7,50,
27,,,A8,50,
27,,,A9,50,
27,,,A10,50,
27,,,A11,50,
27,,,A12,50,
27,,,A13,50,
27,,,A14,50,
27,,,A15,50,
27,,,A16,50,
27,,,A17,50,
27,,,A18,50,
27,,,A19,50,
27,,,A20,50,
27,,,A21,50,
27,,,A22,50,
27,,,A23,50,
27,,,A24,50,
27,,,B1,50,
27,,,B2,50,
27,,,B3,50,
27,,,B4,50,
27,,,B5,50,
27,,,B6,50,
27,,,B7,50,
27,,,B8,50,
27,,,B9,50,
27,,,B10,50,
27,,,B11,50,
27,,,B12,50,
27,,,B13,50,
27,,,B14,50,
27,,,B15,50,
27,,,B16,50,
27,,,B17,50,
27,,,B18,50,
27,,,B19,50,
27,,,B20,50,
27,,,B21,50,
27,,,B22,50,
27,,,B23,50,
27,,,B24,50,
27,,,C1,50,
27,,,C2,50,
27,,,C3,50,
27,,,C4,50,
27,,,C5,50,
27,,,C6,50,
27,,,C7,50,
27,,,C8,50,
27,,,C9,10,
27,,,C10,50,
27,,,C11,50,
27,,,C12,50,
27,,,C13,50,
27,,,C14,50,
27,,,C15,50,
27,,,C16,50,
27,,,C17,50,
27,,,C18,50,
27,,,C19,50,
27,,,C20,50,
27,,,C21,50,
27,,,C22,50,
27,,,C23,50,
27,,,C24,50,
27,,,D1,50,
27,,,D2,50,
27,,,D3,50,
27,,,D4,50,
27,,,D5,50,
27,,,D6,50,
27,,,D7,50,
27,,,D8,50,
27,,,D9,50,
27,,,D10,50,
27,,,D11,10.7688635128329,
27,,,D12,50,
27,,,D13,50,
27,,,D14,50,
27,,,D15,50,
27,,,D16,50,
27,,,D17,50,
27,,,D18,50,
27,,,D19,50,
27,,,D20,50,
27,,,D21,50,
27,,,D22,50,
27,,,D23,50,
27,,,D24,50,
27,,,E1,50,
27,,,E2,50,
27,,,E3,50,
27,,,E4,50,
27,,,E5,50,
27,,,E6,50,
27,,,E7,50,
27,,,E8,50,
27,,,E9,50,
27,,,E10,50,
27,,,E11,50,
27,,,E12,50,
27,,,E13,50,
27,,,E14,50,
27,,,E15,50,
27,,,E16,50,
27,,,E17,50,
27,,,E18,50,
27,,,E19,50,
27,,,E20,50,
27,,,E21,50,
27,,,E22,50,
27,,,E23,50,
27,,,E24,50,
27,,,F1,50,
27,,,F2,50,
27,,,F3,50,
27,,,F4,50,
27,,,F5,50,
27,,,F6,50,
27,,,F7,50,
27,,,F8,50,
27,,,F9,50,
27,,,F10,50,
27,,,F11,50,
27,,,F12,50,
27,,,F13,50,
27,,,F14,50,
27,,,F15,50,
27,,,F16,50,
27,,,F17,50,
27,,,F18,50,
27,,,F19,50,
27,,,F20,50,
27,,,F21,50,
27,,,F22,50,
27,,,F23,50,
27,,,F24,50,
27,,,G1,50,
27,,,G2,50,
27,,,G3,50,
27,,,G4,50,
27,,,G5,50,
27,,,G6,50,
27,,,G7,50,
27,,,G8,50,
27,,,G9,50,
27,,,G10,50,
27,,,G11,50,
27,,,G12,50,
27,,,G13,50,
27,,,G14,50,
27,,,G15,50,
27,,,G16,50,
27,,,G17,50,
27,,,G18,50,
27,,,G19,50,
27,,,G20,50,
27,,,G21,50,
27,,,G22,50,
27,,,G23,50,
27,,,G24,50,
27,,,H1,50,
27,,,H2,50,
27,,,H3,50,
27,,,H4,50,
27,,,H5,50,
27,,,H6,50,
27,,,H7,50,
27,,,H8,50,
27,,,H9,50,
27,,,H10,50,
27,,,H11,50,
27,,,H12,50,
27,,,H13,50,
27,,,H14,50,
27,,,H15,50,
27,,,H16,50,
27,,,H17,50,
27,,,H18,50,
27,,,H19,50,
27,,,H20,50,
27,,,H21,50,
27,,,H22,50,
27,,,H23,50,
27,,,H24,50,
27,,,I1,50,
27,,,I2,50,
27,,,I3,50,
27,,,I4,50,
27,,,I5,50,
27,,,I6,50,
27,,,I7,50,
27,,,I8,50,
27,,,I9,50,
27,,,I10,50,
27,,,I11,50,
27,,,I12,50,
27,,,I13,50,
27,,,I14,50,
27,,,I15,50,
27,,,I16,50,
27,,,I17,50,
27,,,I18,50,
27,,,I19,50,
27,,,I20,50,
27,,,I21,50,
27,,,I22,50,
27,,,I23,50,
27,,,I24,50,
27,,,J1,50,
27,,,J2,50,
27,,,J3,50,
27,,,J4,50,
27,,,J5,50,
27,,,J6,50,
27,,,J7,50,
27,,,J8,50,
27,,,J9,50,
27,,,J10,50,
27,,,J11,50,
27,,,J12,50,
27,,,J13,50,
27,,,J14,50,
27,,,J15,50,
27,,,J16,50,
27,,,J17,50,
27,,,J18,50,
27,,,J19,50,
27,,,J20,50,
27,,,J21,50,
27,,,J22,50,
27,,,J23,50,
27,,,J24,50,
27,,,K1,50,
27,,,K2,50,
27,,,K3,50,
27,,,K4,50,
27,,,K5,50,
27,,,K6,50,
27,,,K7,50,
27,,,K8,50,
27,,,K9,50,
27,,,K10,50,
27,,,K11,50,
27,,,K12,50,
27,,,K13,50,
27,,,K14,50,
27,,,K15,50,
27,,,K16,50,
27,,,K17,50,
27,,,K18,50,
27,,,K19,50,
27,,,K20,50,
27,,,K21,50,
27,,,K22,50,
27,,,K23,50,
27,,,K24,50,
27,,,L1,50,
27,,,L2,50,
27,,,L3,50,
27,,,L4,50,
27,,,L5,50,
27,,,L6,50,
27,,,L7,50,
27,,,L8,50,
27,,,L9,50,
27,,,L10,50,
27,,,L11,50,
27,,,L12,50,
27,,,L13,50,
27,,,L14,50,
27,,,L15,50,
27,,,L16,50,
27,,,L17,50,
27,,,L18,50,
27,,,L19,50,
27,,,L20,50,
27,,,L21,50,
27,,,L22,50,
27,,,L23,50,
27,,,L24,50,
27,,,M1,50,
27,,,M2,50,
27,,,M3,50,
27,,,M4,50,
27,,,M5,50,
27,,,M6,50,
27,,,M7,50,
27,,,M8,50,
27,,,M9,50,
27,,,M10,50,
27,,,M11,50,
27,,,M12,50,
27,,,M13,50,
27,,,M14,50,
27,,,M15,50,
27,,,M16,50,
27,,,M17,50,
27,,,M18,50,
27,,,M19,50,
27,,,M20,50,
27,,,M21,50,
27,,,M22,50,
27,,,M23,50,
27,,,M24,50,
27,,,N1,50,
27,,,N2,50,
27,,,N3,50,
27,,,N4,50,
27,,,N5,50,
27,,,N6,50,
27,,,N7,50,
27,,,N8,50,
27,,,N9,50,
27,,,N10,50,
27,,,N11,50,
27,,,N12,50,
27,,,N13,50,
27,,,N14,50,
27,,,N15,50,
27,,,N16,50,
27,,,N17,50,
27,,,N18,50,
27,,,N19,50,
27,,,N20,50,
27,,,N21,50,
27,,,N22,50,
27,,,N23,50,
27,,,N24,50,
27,,,O1,50,
27,,,O2,50,
27,,,O3,50,
27,,,O4,50,
27,,,O5,50,
27,,,O6,50,
27,,,O7,50,
27,,,O8,50,
27,,,O9,50,
27,,,O10,50,
27,,,O11,50,
27,,,O12,50,
27,,,O13,50,
27,,,O14,50,
27,,,O15,50,
27,,,O16,50,
27,,,O17,50,
27,,,O18,50,
27,,,O19,50,
27,,,O20,50,
27,,,O21,50,
27,,,O22,50,
27,,,O23,50,
27,,,O24,50,
27,,,P1,50,
27,,,P2,50,
27,,,P3,50,
27,,,P4,50,
27,,,P5,50,
27,,,P6,50,
27,,,P7,50,
27,,,P8,50,
27,,,P9,50,
27,,,P10,50,
27,,,P11,50,
27,,,P12,50,
27,,,P13,50,
27,,,P14,50,
27,,,P15,50,
27,,,P16,50,
27,,,P17,50,
27,,,P18,50,
27,,,P19,50,
27,,,P20,50,
27,,,P21,50,
27,,,P22,50,
27,,,P23,50,
27,,,P24,50,
28,,,A1,0,
29,,,A1,50,
29,,,A2,50,
29,,,A3,50,
29,,,A4,50,
29,,,A5,50,
29,,,A6,50,
29,,,A7,50,
29,,,A8,50,
29,,,A9,50,
29,,,A10,50,
29,,,A11,50,
29,,,A12,50,
29,,,A13,50,
29,,,A14,50,
29,,,A15,50,
29,,,A16,50,
29,,,A17,50,
29,,,A18,50,
29,,,A19,50,
29,,,A20,50,
29,,,A21,50,
29,,,A22,50,
29,,,A23,50,
29,,,A24,50,
29,,,B1,50,
29,,,B2,50,
29,,,B3,50,
29,,,B4,50,
29,,,B5,50,
29,,,B6,50,
29,,,B7,50,
29,,,B8,50,
29,,,B9,50,
29,,,B10,50,
29,,,B11,50,
29,,,B12,50,
29,,,B13,50,
29,,,B14,50,
29,,,B15,50,
29,,,B16,50,
29,,,B17,50,
29,,,B18,50,
29,,,B19,50,
29,,,B20,50,
29,,,B21,50,
29,,,B22,50,
29,,,B23,50,
29,,,B24,50,
29,,,C1,50,
29,,,C2,50,
29,,,C3,50,
29,,,C4,50,
29,,,C5,12.2394897162706,
29,,,C6,50,
29,,,C7,50,
29,,,C8,50,
29,,,C9,50,
29,,,C10,50,
29,,,C11,50,
29,,,C12,50,
29,,,C13,50,
29,,,C14,50,
29,,,C15,50,
29,,,C16,50,
29,,,C17,50,
29,,,C18,50,
29,,,C19,50,
29,,,C20,50,
29,,,C21,50,
29,,,C22,50,
29,,,C23,50,
29,,,C24,50,
29,,,D1,50,
29,,,D2,10,
29,,,D3,50,
29,,,D4,50,
29,,,D5,50,
29,,,D6,50,
29,,,D7,50,
29,,,D8,50,
29,,,D9,50,
29,,,D10,50,
29,,,D11,50,
29,,,D12,50,
29,,,D13,50,
29,,,D14,50,
29,,,D15,50,
29,,,D16,50,
29,,,D17,50,
29,,,D18,50,
29,,,D19,50,
29,,,D20,50,
29,,,D21,50,
29,,,D22,50,
29,,,D23,50,
29,,,D24,50,
29,,,E1,50,
29,,,E2,50,
29,,,E3,50,
29,,,E4,50,
29,,,E5,50,
29,,,E6,50,
29,,,E7,50,
29,,,E8,50,
29,,,E9,50,
29,,,E10,50,
29,,,E11,50,
29,,,E12,50,
29,,,E13,50,
29,,,E14,50,
29,,,E15,50,
29,,,E16,50,
29,,,E17,50,
29,,,E18,50,
29,,,E19,50,
29,,,E20,50,
29,,,E21,50,
29,,,E22,50,
29,,,E23,50,
29,,,E24,50,
29,,,F1,50,
29,,,F2,50,
29,,,F3,50,
29,,,F4,50,
29,,,F5,50,
29,,,F6,50,
29,,,F7,50,
29,,,F8,50,
29,,,F9,50,
29,,,F10,50,
29,,,F11,50,
29,,,F12,50,
29,,,F13,50,
29,,,F14,50,
29,,,F15,50,
29,,,F16,50,
29,,,F17,50,
29,,,F18,50,
29,,,F19,50,
29,,,F20,50,
29,,,F21,50,
29,,,F22,50,
29,,,F23,50,
29,,,F24,50,
29,,,G1,50,
29,,,G2,50,
29,,,G3,50,
29,,,G4,50,
29,,,G5,50,
29,,,G6,50,
29,,,G7,50,
29,,,G8,50,
29,,,G9,50,
29,,,G10,50,
29,,,G11,50,
29,,,G12,50,
29,,,G13,50,
29,,,G14,50,
29,,,G15,50,
29,,,G16,50,
29,,,G17,50,
29,,,G18,50,
29,,,G19,50,
29,,,G20,50,
29,,,G21,50,
29,,,G22,50,
29,,,G23,50,
29,,,G24,50,
29,,,H1,50,
29,,,H2,50,
29,,,H3,50,
29,,,H4,50,
29,,,H5,50,
29,,,H6,50,
29,,,H7,50,
29,,,H8,50,
29,,,H9,50,
29,,,H10,50,
29,,,H11,50,
29,,,H12,50,
29,,,H13,50,
29,,,H14,50,
29,,,H15,50,
29,,,H16,50,
29,,,H17,50,
29,,,H18,50,
29,,,H19,50,
29,,,H20,50,
29,,,H21,50,
29,,,H22,50,
29,,,H23,50,
29,,,H24,50,
29,,,I1,50,
29,,,I2,50,
29,,,I3,50,
29,,,I4,50,
29,,,I5,50,
29,,,I6,50,
29,,,I7,50,
29,,,I8,50,
29,,,I9,50,
29,,,I10,50,
29,,,I11,50,
29,,,I12,50,
29,,,I13,50,
29,,,I14,50,
29,,,I15,50,
29,,,I16,50,
29,,,I17,50,
29,,,I18,50,
29,,,I19,50,
29,,,I20,50,
29,,,I21,50,
29,,,I22,50,
29,,,I23,50,
29,,,I24,50,
29,,,J1,50,
29,,,J2,50,
29,,,J3,50,
29,,,J4,50,
29,,,J5,50,
29,,,J6,50,
29,,,J7,50,
29,,,J8,50,
29,,,J9,50,
29,,,J10,50,
29,,,J11,50,
29,,,J12,50,
29,,,J13,50,
29,,,J14,50,
29,,,J15,50,
29,,,J16,50,
29,,,J17,50,
29,,,J18,50,
29,,,J19,50,
29,,,J20,50,
29,,,J21,50,
29,,,J22,50,
29,,,J23,50,
29,,,J24,50,
29,,,K1,50,
29,,,K2,50,
29,,,K3,50,
29,,,K4,50,
29,,,K5,50,
29,,,K6,50,
29,,,K7,50,
29,,,K8,50,
29,,,K9,50,
29,,,K10,50,
29,,,K11,50,
29,,,K12,50,
29,,,K13,50,
29,,,K14,50,
29,,,K15,50,
29,,,K16,50,
29,,,K17,50,
29,,,K18,50,
29,,,K19,50,
29,,,K20,50,
29,,,K21,50,
29,,,K22,50,
29,,,K23,50,
29,,,K24,50,
29,,,L1,50,
29,,,L2,50,
29,,,L3,50,
29,,,L4,50,
29,,,L5,50,
29,,,L6,50,
29,,,L7,50,
29,,,L8,50,
29,,,L9,50,
29,,,L10,50,
29,,,L11,50,
29,,,L12,50,
29,,,L13,50,
29,,,L14,50,
29,,,L15,50,
29,,,L16,50,
29,,,L17,50,
29,,,L18,50,
29,,,L19,50,
29,,,L20,50,
29,,,L21,50,
29,,,L22,50,
29,,,L23,50,
29,,,L24,50,
29,,,M1,50,
29,,,M2,50,
29,,,M3,50,
29,,,M4,50,
29,,,M5,50,
29,,,M6,50,
29,,,M7,50,
29,,,M8,50,
29,,,M9,50,
29,,,M10,50,
29,,,M11,50,
29,,,M12,50,
29,,,M13,50,
29,,,M14,50,
29,,,M15,50,
29,,,M16,50,
29,,,M17,50,
29,,,M18,50,
29,,,M19,50,
29,,,M20,50,
29,,,M21,50,
29,,,M22,50,
29,,,M23,50,
29,,,M24,50,
29,,,N1,50,
29,,,N2,50,
29,,,N3,50,
29,,,N4,50,
29,,,N5,50,
29,,,N6,50,
29,,,N7,50,
29,,,N8,50,
29,,,N9,50,
29,,,N10,50,
29,,,N11,50,
29,,,N12,50,
29,,,N13,50,
29,,,N14,50,
29,,,N15,50,
29,,,N16,50,
29,,,N17,50,
29,,,N18,50,
29,,,N19,50,
29,,,N20,50,
29,,,N21,50,
29,,,N22,50,
29,,,N23,50,
29,,,N24,50,
29,,,O1,50,
29,,,O2,50,
29,,,O3,50,
29,,,O4,50,
29,,,O5,50,
29,,,O6,50,
29,,,O7,50,
29,,,O8,50,
29,,,O9,50,
29,,,O10,50,
29,,,O11,50,
29,,,O12,50,
29,,,O13,50,
29,,,O14,50,
29,,,O15,50,
29,,,O16,50,
29,,,O17,50,
29,,,O18,50,
29,,,O19,50,
29,,,O20,50,
29,,,O21,50,
29,,,O22,50,
29,,,O23,50,
29,,,O24,50,
29,,,P1,50,
29,,,P2,50,
29,,,P3,50,
29,,,P4,50,
29,,,P5,50,
29,,,P6,50,
29,,,P7,50,
29,,,P8,50,
29,,,P9,50,
29,,,P10,50,
29,,,P11,50,
29,,,P12,50,
29,,,P13,50,
29,,,P14,50,
29,,,P15,50,
29,,,P16,50,
29,,,P17,50,
29,,,P18,50,
29,,,P19,50,
29,,,P20,50,
29,,,P21,50,
29,,,P22,50,
29,,,P23,50,
29,,,P24,50,
30,,,A1,0,
31,,,A1,50,
31,,,A2,50,
31,,,A3,50,
31,,,A4,50,
31,,,A5,50,
31,,,A6,50,
31,,,A7,50,
31,,,A8,50,
31,,,A9,50,
31,,,A10,50,
31,,,A11,50,
31,,,A12,50,
31,,,A13,50,
31,,,A14,50,
31,,,A15,50,
31,,,A16,50,
31,,,A17,50,
31,,,A18,50,
31,,,A19,50,
31,,,A20,50,
31,,,A21,50,
31,,,A22,50,
31,,,A23,50,
31,,,A24,50,
31,,,B1,50,
31,,,B2,50,
31,,,B3,50,
31,,,B4,50,
31,,,B5,50,
31,,,B6,50,
31,,,B7,50,
31,,,B8,50,
31,,,B9,50,
31,,,B10,50,
31,,,B11,50,
31,,,B12,50,
31,,,B13,50,
31,,,B14,50,
31,,,B15,50,
31,,,B16,50,
31,,,B17,50,
31,,,B18,50,
31,,,B19,50,
31,,,B20,50,
31,,,B21,50,
31,,,B22,50,
31,,,B23,50,
31,,,B24,50,
31,,,C1,50,
31,,,C2,50,
31,,,C3,10,
31,,,C4,50,
31,,,C5,50,
31,,,C6,50,
31,,,C7,50,
31,,,C8,50,
31,,,C9,50,
31,,,C10,50,
31,,,C11,50,
31,,,C12,50,
31,,,C13,50,
31,,,C14,50,
31,,,C15,50,
31,,,C16,50,
31,,,C17,50,
31,,,C18,50,
31,,,C19,50,
31,,,C20,50,
31,,,C21,50,
31,,,C22,50,
31,,,C23,50,
31,,,C24,50,
31,,,D1,50,
31,,,D2,50,
31,,,D3,50,
31,,,D4,50,
31,,,D5,50,
31,,,D6,50,
31,,,D7,10,
31,,,D8,50,
31,,,D9,50,
31,,,D10,50,
31,,,D11,50,
31,,,D12,50,
31,,,D13,50,
31,,,D14,50,
31,,,D15,50,
31,,,D16,50,
31,,,D17,50,
31,,,D18,50,
31,,,D19,50,
31,,,D20,50,
31,,,D21,50,
31,,,D22,50,
31,,,D23,50,
31,,,D24,50,
31,,,E1,50,
31,,,E2,50,
31,,,E3,50,
31,,,E4,50,
31,,,E5,50,
31,,,E6,50,
31,,,E7,50,
31,,,E8,50,
31,,,E9,50,
31,,,E10,50,
31,,,E11,50,
31,,,E12,50,
31,,,E13,50,
31,,,E14,50,
31,,,E15,50,
31,,,E16,50,
31,,,E17,50,
31,,,E18,50,
31,,,E19,50,
31,,,E20,50,
31,,,E21,50,
31,,,E22,50,
31,,,E23,50,
31,,,E24,50,
31,,,F1,50,
31,,,F2,50,
31,,,F3,50,
31,,,F4,50,
31,,,F5,50,
31,,,F6,50,
31,,,F7,50,
31,,,F8,50,
31,,,F9,50,
31,,,F10,50,
31,,,F11,50,
31,,,F12,50,
31,,,F13,50,
31,,,F14,50,
31,,,F15,50,
31,,,F16,50,
31,,,F17,50,
31,,,F18,50,
31,,,F19,50,
31,,,F20,50,
31,,,F21,50,
31,,,F22,50,
31,,,F23,50,
31,,,F24,50,
31,,,G1,50,
31,,,G2,50,
31,,,G3,50,
31,,,G4,50,
31,,,G5,50,
31,,,G6,50,
31,,,G7,50,
31,,,G8,50,
31,,,G9,50,
31,,,G10,50,
31,,,G11,50,
31,,,G12,50,
31,,,G13,50,
31,,,G14,50,
31,,,G15,50,
31,,,G16,50,
31,,,G17,50,
31,,,G18,50,
31,,,G19,50,
31,,,G20,50,
31,,,G21,50,
31,,,G22,50,
31,,,G23,50,
31,,,G24,50,
31,,,H1,50,
31,,,H2,50,
31,,,H3,50,
31,,,H4,50,
31,,,H5,50,
31,,,H6,50,
31,,,H7,50,
31,,,H8,50,
31,,,H9,50,
31,,,H10,50,
31,,,H11,50,
31,,,H12,50,
31,,,H13,50,
31,,,H14,50,
31,,,H15,50,
31,,,H16,50,
31,,,H17,50,
31,,,H18,50,
31,,,H19,50,
31,,,H20,50,
31,,,H21,50,
31,,,H22,50,
31,,,H23,50,
31,,,H24,50,
31,,,I1,50,
31,,,I2,50,
31,,,I3,50,
31,,,I4,50,
31,,,I5,50,
31,,,I6,50,
31,,,I7,50,
31,,,I8,50,
31,,,I9,50,
31,,,I10,50,
31,,,I11,50,
31,,,I12,50,
31,,,I13,50,
31,,,I14,50,
31,,,I15,50,
31,,,I16,50,
31,,,I17,50,
31,,,I18,50,
31,,,I19,50,
31,,,I20,50,
31,,,I21,50,
31,,,I22,50,
31,,,I23,50,
31,,,I24,50,
31,,,J1,50,
31,,,J2,50,
31,,,J3,50,
31,,,J4,50,
31,,,J5,50,
31,,,J6,50,
31,,,J7,50,
31,,,J8,50,
31,,,J9,50,
31,,,J10,50,
31,,,J11,50,
31,,,J12,50,
31,,,J13,50,
31,,,J14,50,
31,,,J15,50,
31,,,J16,50,
31,,,J17,50,
31,,,J18,50,
31,,,J19,50,
31,,,J20,50,
31,,,J21,50,
31,,,J22,50,
31,,,J23,50,
31,,,J24,50,
31,,,K1,50,
31,,,K2,50,
31,,,K3,50,
31,,,K4,50,
31,,,K5,50,
31,,,K6,50,
31,,,K7,50,
31,,,K8,50,
31,,,K9,50,
31,,,K10,50,
31,,,K11,50,
31,,,K12,50,
31,,,K13,50,
31,,,K14,50,
31,,,K15,50,
31,,,K16,50,
31,,,K17,50,
31,,,K18,50,
31,,,K19,50,
31,,,K20,50,
31,,,K21,50,
31,,,K22,50,
31,,,K23,50,
31,,,K24,50,
31,,,L1,50,
31,,,L2,50,
31,,,L3,50,
31,,,L4,50,
31,,,L5,50,
31,,,L6,50,
31,,,L7,50,
31,,,L8,50,
31,,,L9,50,
31,,,L10,50,
31,,,L11,50,
31,,,L12,50,
31,,,L13,50,
31,,,L14,50,
31,,,L15,50,
31,,,L16,50,
31,,,L17,50,
31,,,L18,50,
31,,,L19,50,
31,,,L20,50,
31,,,L21,50,
31,,,L22,50,
31,,,L23,50,
31,,,L24,50,
31,,,M1,50,
31,,,M2,50,
31,,,M3,50,
31,,,M4,50,
31,,,M5,50,
31,,,M6,50,
31,,,M7,50,
31,,,M8,50,
31,,,M9,50,
31,,,M10,50,
31,,,M11,50,
31,,,M12,50,
31,,,M13,50,
31,,,M14,50,
31,,,M15,50,
31,,,M16,50,
31,,,M17,50,
31,,,M18,50,
31,,,M19,50,
31,,,M20,50,
31,,,M21,50,
31,,,M22,50,
31,,,M23,50,
31,,,M24,50,
31,,,N1,50,
31,,,N2,50,
31,,,N3,50,
31,,,N4,50,
31,,,N5,50,
31,,,N6,50,
31,,,N7,50,
31,,,N8,50,
31,,,N9,50,
31,,,N10,50,
31,,,N11,50,
31,,,N12,50,
31,,,N13,50,
31,,,N14,50,
31,,,N15,50,
31,,,N16,50,
31,,,N17,50,
31,,,N18,50,
31,,,N19,50,
31,,,N20,50,
31,,,N21,50,
31,,,N22,50,
31,,,N23,50,
31,,,N24,50,
31,,,O1,50,
31,,,O2,50,
31,,,O3,50,
31,,,O4,50,
31,,,O5,50,
31,,,O6,50,
31,,,O7,50,
31,,,O8,50,
31,,,O9,50,
31,,,O10,50,
31,,,O11,50,
31,,,O12,50,
31,,,O13,50,
31,,,O14,50,
31,,,O15,50,
31,,,O16,50,
31,,,O17,50,
31,,,O18,50,
31,,,O19,50,
31,,,O20,50,
31,,,O21,50,
31,,,O22,50,
31,,,O23,50,
31,,,O24,50,
31,,,P1,50,
31,,,P2,50,
31,,,P3,50,
31,,,P4,50,
31,,,P5,50,
31,,,P6,50,
31,,,P7,50,
31,,,P8,50,
31,,,P9,50,
31,,,P10,50,
31,,,P11,50,
31,,,P12,50,
31,,,P13,50,
31,,,P14,50,
31,,,P15,50,
31,,,P16,50,
31,,,P17,50,
31,,,P18,50,
31,,,P19,50,
31,,,P20,50,
31,,,P21,50,
31,,,P22,50,
31,,,P23,50,
31,,,P24,50,
32,,,A1,0,
33,,,A1,50,
33,,,A2,50,
33,,,A3,50,
33,,,A4,50,
33,,,A5,50,
33,,,A6,50,
33,,,A7,50,
33,,,A8,50,
33,,,A9,50,
33,,,A10,50,
33,,,A11,50,
33,,,A12,50,
33,,,A13,50,
33,,,A14,50,
33,,,A15,50,
33,,,A16,50,
33,,,A17,50,
33,,,A18,50,
33,,,A19,50,
33,,,A20,50,
33,,,A21,50,
33,,,A22,50,
33,,,A23,50,
33,,,A24,50,
33,,,B1,50,
33,,,B2,50,
33,,,B3,50,
33,,,B4,50,
33,,,B5,50,
33,,,B6,50,
33,,,B7,50,
33,,,B8,50,
33,,,B9,50,
33,,,B10,50,
33,,,B11,50,
33,,,B12,50,
33,,,B13,50,
33,,,B14,50,
33,,,B15,50,
33,,,B16,50,
33,,,B17,50,
33,,,B18,50,
33,,,B19,50,
33,,,B20,50,
33,,,B21,50,
33,,,B22,50,
33,,,B23,50,
33,,,B24,50,
33,,,C1,50,
33,,,C2,50,
33,,,C3,50,
33,,,C4,50,
33,,,C5,50,
33,,,C6,50,
33,,,C7,50,
33,,,C8,10,
33,,,C9,50,
33,,,C10,50,
33,,,C11,50,
33,,,C12,50,
33,,,C13,50,
33,,,C14,50,
33,,,C15,50,
33,,,C16,50,
33,,,C17,50,
33,,,C18,50,
33,,,C19,50,
33,,,C20,50,
33,,,C21,50,
33,,,C22,50,
33,,,C23,50,
33,,,C24,50,
33,,,D1,50,
33,,,D2,50,
33,,,D3,50,
33,,,D4,50,
33,,,D5,50,
33,,,D6,50,
33,,,D7,50,
33,,,D8,50,
33,,,D9,50,
33,,,D10,50,
33,,,D11,50,
33,,,D12,10,
33,,,D13,50,
33,,,D14,50,
33,,,D15,50,
33,,,D16,50,
33,,,D17,50,
33,,,D18,50,
33,,,D19,50,
33,,,D20,50,
33,,,D21,50,
33,,,D22,50,
33,,,D23,50,
33,,,D24,50,
33,,,E1,50,
33,,,E2,50,
33,,,E3,50,
33,,,E4,50,
33,,,E5,50,
33,,,E6,50,
33,,,E7,50,
33,,,E8,50,
33,,,E9,50,
33,,,E10,50,
33,,,E11,50,
33,,,E12,50,
33,,,E13,50,
33,,,E14,50,
33,,,E15,50,
33,,,E16,50,
33,,,E17,50,
33,,,E18,50,
33,,,E19,50,
33,,,E20,50,
33,,,E21,50,
33,,,E22,50,
33,,,E23,50,
33,,,E24,50,
33,,,F1,50,
33,,,F2,50,
33,,,F3,50,
33,,,F4,50,
33,,,F5,50,
33,,,F6,50,
33,,,F7,50,
33,,,F8,50,
33,,,F9,50,
33,,,F10,50,
33,,,F11,50,
33,,,F12,50,
33,,,F13,50,
33,,,F14,50,
33,,,F15,50,
33,,,F16,50,
33,,,F17,50,
33,,,F18,50,
33,,,F19,50,
33,,,F20,50,
33,,,F21,50,
33,,,F22,50,
33,,,F23,50,
33,,,F24,50,
33,,,G1,50,
33,,,G2,50,
33,,,G3,50,
33,,,G4,50,
33,,,G5,50,
33,,,G6,50,
33,,,G7,50,
33,,,G8,50,
33,,,G9,50,
33,,,G10,50,
33,,,G11,50,
33,,,G12,50,
33,,,G13,50,
33,,,G14,50,
33,,,G15,50,
33,,,G16,50,
33,,,G17,50,
33,,,G18,50,
33,,,G19,50,
33,,,G20,50,
33,,,G21,50,
33,,,G22,50,
33,,,G23,50,
33,,,G24,50,
33,,,H1,50,
33,,,H2,50,
33,,,H3,50,
33,,,H4,50,
33,,,H5,50,
33,,,H6,50,
33,,,H7,50,
33,,,H8,50,
33,,,H9,50,
33,,,H10,50,
33,,,H11,50,
33,,,H12,50,
33,,,H13,50,
33,,,H14,50,
33,,,H15,50,
33,,,H16,50,
33,,,H17,50,
33,,,H18,50,
33,,,H19,50,
33,,,H20,50,
33,,,H21,50,
33,,,H22,50,
33,,,H23,50,
33,,,H24,50,
33,,,I1,50,
33,,,I2,50,
33,,,I3,50,
33,,,I4,50,
33,,,I5,50,
33,,,I6,50,
33,,,I7,50,
33,,,I8,50,
33,,,I9,50,
33,,,I10,50,
33,,,I11,50,
33,,,I12,50,
33,,,I13,50,
33,,,I14,50,
33,,,I15,50,
33,,,I16,50,
33,,,I17,50,
33,,,I18,50,
33,,,I19,50,
33,,,I20,50,
33,,,I21,50,
33,,,I22,50,
33,,,I23,50,
33,,,I24,50,
33,,,J1,50,
33,,,J2,50,
33,,,J3,50,
33,,,J4,50,
33,,,J5,50,
33,,,J6,50,
33,,,J7,50,
33,,,J8,50,
33,,,J9,50,
33,,,J10,50,
33,,,J11,50,
33,,,J12,50,
33,,,J13,50,
33,,,J14,50,
33,,,J15,50,
33,,,J16,50,
33,,,J17,50,
33,,,J18,50,
33,,,J19,50,
33,,,J20,50,
33,,,J21,50,
33,,,J22,50,
33,,,J23,50,
33,,,J24,50,
33,,,K1,50,
33,,,K2,50,
33,,,K3,50,
33,,,K4,50,
33,,,K5,50,
33,,,K6,50,
33,,,K7,50,
33,,,K8,50,
33,,,K9,50,
33,,,K10,50,
33,,,K11,50,
33,,,K12,50,
33,,,K13,50,
33,,,K14,50,
33,,,K15,50,
33,,,K16,50,
33,,,K17,50,
33,,,K18,50,
33,,,K19,50,
33,,,K20,50,
33,,,K21,50,
33,,,K22,50,
33,,,K23,50,
33,,,K24,50,
33,,,L1,50,
33,,,L2,50,
33,,,L3,50,
33,,,L4,50,
33,,,L5,50,
33,,,L6,50,
33,,,L7,50,
33,,,L8,50,
33,,,L9,50,
33,,,L10,50,
33,,,L11,50,
33,,,L12,50,
33,,,L13,50,
33,,,L14,50,
33,,,L15,50,
33,,,L16,50,
33,,,L17,50,
33,,,L18,50,
33,,,L19,50,
33,,,L20,50,
33,,,L21,50,
33,,,L22,50,
33,,,L23,50,
33,,,L24,50,
33,,,M1,50,
33,,,M2,50,
33,,,M3,50,
33,,,M4,50,
33,,,M5,50,
33,,,M6,50,
33,,,M7,50,
33,,,M8,50,
33,,,M9,50,
33,,,M10,50,
33,,,M11,50,
33,,,M12,50,
33,,,M13,50,
33,,,M14,50,
33,,,M15,50,
33,,,M16,50,
33,,,M17,50,
33,,,M18,50,
33,,,M19,50,
33,,,M20,50,
33,,,M21,50,
33,,,M22,50,
33,,,M23,50,
33,,,M24,50,
33,,,N1,50,
33,,,N2,50,
33,,,N3,50,
33,,,N4,50,
33,,,N5,50,
33,,,N6,50,
33,,,N7,50,
33,,,N8,50,
33,,,N9,50,
33,,,N10,50,
33,,,N11,50,
33,,,N12,50,
33,,,N13,50,
33,,,N14,50,
33,,,N15,50,
33,,,N16,50,
33,,,N17,50,
33,,,N18,50,
33,,,N19,50,
33,,,N20,50,
33,,,N21,50,
33,,,N22,50,
33,,,N23,50,
33,,,N24,50,
33,,,O1,50,
33,,,O2,50,
33,,,O3,50,
33,,,O4,50,
33,,,O5,50,
33,,,O6,50,
33,,,O7,50,
33,,,O8,50,
33,,,O9,50,
33,,,O10,50,
33,,,O11,50,
33,,,O12,50,
33,,,O13,50,
33,,,O14,50,
33,,,O15,50,
33,,,O16,50,
33,,,O17,50,
33,,,O18,50,
33,,,O19,50,
33,,,O20,50,
33,,,O21,50,
33,,,O22,50,
33,,,O23,50,
33,,,O24,50,
33,,,P1,50,
33,,,P2,50,
33,,,P3,50,
33,,,P4,50,
33,,,P5,50,
33,,,P6,50,
33,,,P7,50,
33,,,P8,50,
33,,,P9,50,
33,,,P10,50,
33,,,P11,50,
33,,,P12,50,
33,,,P13,50,
33,,,P14,50,
33,,,P15,50,
33,,,P16,50,
33,,,P17,50,
33,,,P18,50,
33,,,P19,50,
33,,,P20,50,
33,,,P21,50,
33,,,P22,50,
33,,,P23,50,
33,,,P24,50,
34,,,A1,0,
35,,,A1,50,
35,,,A2,50,
35,,,A3,50,
35,,,A4,50,
35,,,A5,50,
35,,,A6,50,
35,,,A7,50,
35,,,A8,50,
35,,,A9,50,
35,,,A10,50,
35,,,A11,50,
35,,,A12,50,
35,,,A13,50,
35,,,A14,50,
35,,,A15,50,
35,,,A16,50,
35,,,A17,50,
35,,,A18,50,
35,,,A19,50,
35,,,A20,50,
35,,,A21,50,
35,,,A22,50,
35,,,A23,50,
35,,,A24,50,
35,,,B1,50,
35,,,B2,50,
35,,,B3,50,
35,,,B4,50,
35,,,B5,50,
35,,,B6,50,
35,,,B7,50,
35,,,B8,50,
35,,,B9,50,
35,,,B10,50,
35,,,B11,50,
35,,,B12,50,
35,,,B13,50,
35,,,B14,50,
35,,,B15,50,
35,,,B16,50,
35,,,B17,50,
35,,,B18,50,
35,,,B19,50,
35,,,B20,50,
35,,,B21,50,
35,,,B22,50,
35,,,B23,50,
35,,,B24,50,
35,,,C1,50,
35,,,C2,50,
35,,,C3,50,
35,,,C4,50,
35,,,C5,50,
35,,,C6,50,
35,,,C7,50,
35,,,C8,50,
35,,,C9,50,
35,,,C10,50,
35,,,C11,50,
35,,,C12,10,
35,,,C13,50,
35,,,C14,50,
35,,,C15,50,
35,,,C16,50,
35,,,C17,50,
35,,,C18,50,
35,,,C19,50,
35,,,C20,50,
35,,,C21,50,
35,,,C22,50,
35,,,C23,50,
35,,,C24,50,
35,,,D1,50,
35,,,D2,50,
35,,,D3,50,
35,,,D4,50,
35,,,D5,50,
35,,,D6,50,
35,,,D7,50,
35,,,D8,50,
35,,,D9,50,
35,,,D10,50,
35,,,D11,50,
35,,,D12,12.3885347064074,
35,,,D13,50,
35,,,D14,50,
35,,,D15,50,
35,,,D16,50,
35,,,D17,50,
35,,,D18,50,
35,,,D19,50,
35,,,D20,50,
35,,,D21,50,
35,,,D22,50,
35,,,D23,50,
35,,,D24,50,
35,,,E1,50,
35,,,E2,50,
35,,,E3,50,
35,,,E4,50,
35,,,E5,50,
35,,,E6,50,
35,,,E7,50,
35,,,E8,50,
35,,,E9,50,
35,,,E10,50,
35,,,E11,50,
35,,,E12,50,
35,,,E13,50,
35,,,E14,50,
35,,,E15,50,
35,,,E16,50,
35,,,E17,50,
35,,,E18,50,
35,,,E19,50,
35,,,E20,50,
35,,,E21,50,
35,,,E22,50,
35,,,E23,50,
35,,,E24,50,
35,,,F1,50,
35,,,F2,50,
35,,,F3,50,
35,,,F4,50,
35,,,F5,50,
35,,,F6,50,
35,,,F7,50,
35,,,F8,50,
35,,,F9,50,
35,,,F10,50,
35,,,F11,50,
35,,,F12,50,
35,,,F13,50,
35,,,F14,50,
35,,,F15,50,
35,,,F16,50,
35,,,F17,50,
35,,,F18,50,
35,,,F19,50,
35,,,F20,50,
35,,,F21,50,
35,,,F22,50,
35,,,F23,50,
35,,,F24,50,
35,,,G1,50,
35,,,G2,50,
35,,,G3,50,
35,,,G4,50,
35,,,G5,50,
35,,,G6,50,
35,,,G7,50,
35,,,G8,50,
35,,,G9,50,
35,,,G10,50,
35,,,G11,50,
35,,,G12,50,
35,,,G13,50,
35,,,G14,50,
35,,,G15,50,
35,,,G16,50,
35,,,G17,50,
35,,,G18,50,
35,,,G19,50,
35,,,G20,50,
35,,,G21,50,
35,,,G22,50,
35,,,G23,50,
35,,,G24,50,
35,,,H1,50,
35,,,H2,50,
35,,,H3,50,
35,,,H4,50,
35,,,H5,50,
35,,,H6,50,
35,,,H7,50,
35,,,H8,50,
35,,,H9,50,
35,,,H10,50,
35,,,H11,50,
35,,,H12,50,
35,,,H13,50,
35,,,H14,50,
35,,,H15,50,
35,,,H16,50,
35,,,H17,50,
35,,,H18,50,
35,,,H19,50,
35,,,H20,50,
35,,,H21,50,
35,,,H22,50,
35,,,H23,50,
35,,,H24,50,
35,,,I1,50,
35,,,I2,50,
35,,,I3,50,
35,,,I4,50,
35,,,I5,50,
35,,,I6,50,
35,,,I7,50,
35,,,I8,50,
35,,,I9,50,
35,,,I10,50,
35,,,I11,50,
35,,,I12,50,
35,,,I13,50,
35,,,I14,50,
35,,,I15,50,
35,,,I16,50,
35,,,I17,50,
35,,,I18,50,
35,,,I19,50,
35,,,I20,50,
35,,,I21,50,
35,,,I22,50,
35,,,I23,50,
35,,,I24,50,
35,,,J1,50,
35,,,J2,50,
35,,,J3,50,
35,,,J4,50,
35,,,J5,50,
35,,,J6,50,
35,,,J7,50,
35,,,J8,50,
35,,,J9,50,
35,,,J10,50,
35,,,J11,50,
35,,,J12,50,
35,,,J13,50,
35,,,J14,50,
35,,,J15,50,
35,,,J16,50,
35,,,J17,50,
35,,,J18,50,
35,,,J19,50,
35,,,J20,50,
35,,,J21,50,
35,,,J22,50,
35,,,J23,50,
35,,,J24,50,
35,,,K1,50,
35,,,K2,50,
35,,,K3,50,
35,,,K4,50,
35,,,K5,50,
35,,,K6,50,
35,,,K7,50,
35,,,K8,50,
35,,,K9,50,
35,,,K10,50,
35,,,K11,50,
35,,,K12,50,
35,,,K13,50,
35,,,K14,50,
35,,,K15,50,
35,,,K16,50,
35,,,K17,50,
35,,,K18,50,
35,,,K19,50,
35,,,K20,50,
35,,,K21,50,
35,,,K22,50,
35,,,K23,50,
35,,,K24,50,
35,,,L1,50,
35,,,L2,50,
35,,,L3,50,
35,,,L4,50,
35,,,L5,50,
35,,,L6,50,
35,,,L7,50,
35,,,L8,50,
35,,,L9,50,
35,,,L10,50,
35,,,L11,50,
35,,,L12,50,
35,,,L13,50,
35,,,L14,50,
35,,,L15,50,
35,,,L16,50,
35,,,L17,50,
35,,,L18,50,
35,,,L19,50,
35,,,L20,50,
35,,,L21,50,
35,,,L22,50,
35,,,L23,50,
35,,,L24,50,
35,,,M1,50,
35,,,M2,50,
35,,,M3,50,
35,,,M4,50,
35,,,M5,50,
35,,,M6,50,
35,,,M7,50,
35,,,M8,50,
35,,,M9,50,
35,,,M10,50,
35,,,M11,50,
35,,,M12,50,
35,,,M13,50,
35,,,M14,50,
35,,,M15,50,
35,,,M16,50,
35,,,M17,50,
35,,,M18,50,
35,,,M19,50,
35,,,M20,50,
35,,,M21,50,
35,,,M22,50,
35,,,M23,50,
35,,,M24,50,
35,,,N1,50,
35,,,N2,50,
35,,,N3,50,
35,,,N4,50,
35,,,N5,50,
35,,,N6,50,
35,,,N7,50,
35,,,N8,50,
35,,,N9,50,
35,,,N10,50,
35,,,N11,50,
35,,,N12,50,
35,,,N13,50,
35,,,N14,50,
35,,,N15,50,
35,,,N16,50,
35,,,N17,50,
35,,,N18,50,
35,,,N19,50,
35,,,N20,50,
35,,,N21,50,
35,,,N22,50,
35,,,N23,50,
35,,,N24,50,
35,,,O1,50,
35,,,O2,50,
35,,,O3,50,
35,,,O4,50,
35,,,O5,50,
35,,,O6,50,
35,,,O7,50,
35,,,O8,50,
35,,,O9,50,
35,,,O10,50,
35,,,O11,50,
35,,,O12,50,
35,,,O13,50,
35,,,O14,50,
35,,,O15,50,
35,,,O16,50,
35,,,O17,50,
35,,,O18,50,
35,,,O19,50,
35,,,O20,50,
35,,,O21,50,
35,,,O22,50,
35,,,O23,50,
35,,,O24,50,
35,,,P1,50,
35,,,P2,50,
35,,,P3,50,
35,,,P4,50,
35,,,P5,50,
35,,,P6,50,
35,,,P7,50,
35,,,P8,50,
35,,,P9,50,
35,,,P10,50,
35,,,P11,50,
35,,,P12,50,
35,,,P13,50,
35,,,P14,50,
35,,,P15,50,
35,,,P16,50,
35,,,P17,50,
35,,,P18,50,
35,,,P19,50,
35,,,P20,50,
35,,,P21,50,
35,,,P22,50,
35,,,P23,50,
35,,,P24,50,
36,,,A1,0,
37,,,A1,50,
37,,,A2,50,
37,,,A3,50,
37,,,A4,50,
37,,,A5,50,
37,,,A6,50,
37,,,A7,50,
37,,,A8,50,
37,,,A9,50,
37,,,A10,50,
37,,,A11,50,
37,,,A12,50,
37,,,A13,50,
37,,,A14,50,
37,,,A15,50,
37,,,A16,50,
37,,,A17,50,
37,,,A18,50,
37,,,A19,50,
37,,,A20,50,
37,,,A21,50,
37,,,A22,50,
37,,,A23,50,
37,,,A24,50,
37,,,B1,50,
37,,,B2,50,
37,,,B3,50,
37,,,B4,50,
37,,,B5,50,
37,,,B6,50,
37,,,B7,50,
37,,,B8,50,
37,,,B9,50,
37,,,B10,50,
37,,,B11,50,
37,,,B12,50,
37,,,B13,50,
37,,,B14,50,
37,,,B15,50,
37,,,B16,50,
37,,,B17,50,
37,,,B18,50,
37,,,B19,50,
37,,,B20,50,
37,,,B21,50,
37,,,B22,50,
37,,,B23,50,
37,,,B24,50,
37,,,C1,50,
37,,,C2,50,
37,,,C3,50,
37,,,C4,50,
37,,,C5,50,
37,,,C6,50,
37,,,C7,50,
37,,,C8,50,
37,,,C9,50,
37,,,C10,50,
37,,,C11,50,
37,,,C12,9.6199415860373,
37,,,C13,50,
37,,,C14,50,
37,,,C15,50,
37,,,C16,50,
37,,,C17,50,
37,,,C18,50,
37,,,C19,50,
37,,,C20,50,
37,,,C21,50,
37,,,C22,50,
37,,,C23,50,
37,,,C24,50,
37,,,D1,50,
37,,,D2,50,
37,,,D3,50,
37,,,D4,50,
37,,,D5,50,
37,,,D6,50,
37,,,D7,50,
37,,,D8,50,
37,,,D9,50,
37,,,D10,50,
37,,,D11,50,
37,,,D12,50,
37,,,D13,50,
37,,,D14,6.9128585258985,
37,,,D15,50,
37,,,D16,50,
37,,,D17,50,
37,,,D18,50,
37,,,D19,50,
37,,,D20,50,
37,,,D21,50,
37,,,D22,50,
37,,,D23,50,
37,,,D24,50,
37,,,E1,50,
37,,,E2,50,
37,,,E3,50,
37,,,E4,50,
37,,,E5,50,
37,,,E6,50,
37,,,E7,50,
37,,,E8,50,
37,,,E9,50,
37,,,E10,50,
37,,,E11,50,
37,,,E12,50,
37,,,E13,50,
37,,,E14,50,
37,,,E15,50,
37,,,E16,50,
37,,,E17,50,
37,,,E18,50,
37,,,E19,50,
37,,,E20,50,
37,,,E21,50,
37,,,E22,50,
37,,,E23,50,
37,,,E24,50,
37,,,F1,50,
37,,,F2,50,
37,,,F3,50,
37,,,F4,50,
37,,,F5,50,
37,,,F6,50,
37,,,F7,50,
37,,,F8,50,
37,,,F9,50,
37,,,F10,50,
37,,,F11,50,
37,,,F12,50,
37,,,F13,50,
37,,,F14,50,
37,,,F15,50,
37,,,F16,50,
37,,,F17,50,
37,,,F18,50,
37,,,F19,50,
37,,,F20,50,
37,,,F21,50,
37,,,F22,50,
37,,,F23,50,
37,,,F24,50,
37,,,G1,50,
37,,,G2,50,
37,,,G3,50,
37,,,G4,50,
37,,,G5,50,
37,,,G6,50,
37,,,G7,50,
37,,,G8,50,
37,,,G9,50,
37,,,G10,50,
37,,,G11,50,
37,,,G12,50,
37,,,G13,50,
37,,,G14,50,
37,,,G15,50,
37,,,G16,50,
37,,,G17,50,
37,,,G18,50,
37,,,G19,50,
37,,,G20,50,
37,,,G21,50,
37,,,G22,50,
37,,,G23,50,
37,,,G24,50,
37,,,H1,50,
37,,,H2,50,
37,,,H3,50,
37,,,H4,50,
37,,,H5,50,
37,,,H6,50,
37,,,H7,50,
37,,,H8,50,
37,,,H9,50,
37,,,H10,50,
37,,,H11,50,
37,,,H12,50,
37,,,H13,50,
37,,,H14,50,
37,,,H15,50,
37,,,H16,50,
37,,,H17,50,
37,,,H18,50,
37,,,H19,50,
37,,,H20,50,
37,,,H21,50,
37,,,H22,50,
37,,,H23,50,
37,,,H24,50,
37,,,I1,50,
37,,,I2,50,
37,,,I3,50,
37,,,I4,50,
37,,,I5,50,
37,,,I6,50,
37,,,I7,50,
37,,,I8,50,
37,,,I9,50,
37,,,I10,50,
37,,,I11,50,
37,,,I12,50,
37,,,I13,50,
37,,,I14,50,
37,,,I15,50,
37,,,I16,50,
37,,,I17,50,
37,,,I18,50,
37,,,I19,50,
37,,,I20,50,
37,,,I21,50,
37,,,I22,50,
37,,,I23,50,
37,,,I24,50,
37,,,J1,50,
37,,,J2,50,
37,,,J3,50,
37,,,J4,50,
37,,,J5,50,
37,,,J6,50,
37,,,J7,50,
37,,,J8,50,
37,,,J9,50,
37,,,J10,50,
37,,,J11,50,
37,,,J12,50,
37,,,J13,50,
37,,,J14,50,
37,,,J15,50,
37,,,J16,50,
37,,,J17,50,
37,,,J18,50,
37,,,J19,50,
37,,,J20,50,
37,,,J21,50,
37,,,J22,50,
37,,,J23,50,
37,,,J24,50,
37,,,K1,50,
37,,,K2,50,
37,,,K3,50,
37,,,K4,50,
37,,,K5,50,
37,,,K6,50,
37,,,K7,50,
37,,,K8,50,
37,,,K9,50,
37,,,K10,50,
37,,,K11,50,
37,,,K12,50,
37,,,K13,50,
37,,,K14,50,
37,,,K15,50,
37,,,K16,50,
37,,,K17,50,
37,,,K18,50,
37,,,K19,50,
37,,,K20,50,
37,,,K21,50,
37,,,K22,50,
37,,,K23,50,
37,,,K24,50,
37,,,L1,50,
37,,,L2,50,
37,,,L3,50,
37,,,L4,50,
37,,,L5,50,
37,,,L6,50,
37,,,L7,50,
37,,,L8,50,
37,,,L9,50,
37,,,L10,50,
37,,,L11,50,
37,,,L12,50,
37,,,L13,50,
37,,,L14,50,
37,,,L15,50,
37,,,L16,50,
37,,,L17,50,
37,,,L18,50,
37,,,L19,50,
37,,,L20,50,
37,,,L21,50,
37,,,L22,50,
37,,,L23,50,
37,,,L24,50,
37,,,M1,50,
37,,,M2,50,
37,,,M3,50,
37,,,M4,50,
37,,,M5,50,
37,,,M6,50,
37,,,M7,50,
37,,,M8,50,
37,,,M9,50,
37,,,M10,50,
37,,,M11,50,
37,,,M12,50,
37,,,M13,50,
37,,,M14,50,
37,,,M15,50,
37,,,M16,50,
37,,,M17,50,
37,,,M18,50,
37,,,M19,50,
37,,,M20,50,
37,,,M21,50,
37,,,M22,50,
37,,,M23,50,
37,,,M24,50,
37,,,N1,50,
37,,,N2,50,
37,,,N3,50,
37,,,N4,50,
37,,,N5,50,
37,,,N6,50,
37,,,N7,50,
37,,,N8,50,
37,,,N9,50,
37,,,N10,50,
37,,,N11,50,
37,,,N12,50,
37,,,N13,50,
37,,,N14,50,
37,,,N15,50,
37,,,N16,50,
37,,,N17,50,
37,,,N18,50,
37,,,N19,50,
37,,,N20,50,
37,,,N21,50,
37,,,N22,50,
37,,,N23,50,
37,,,N24,50,
37,,,O1,50,
37,,,O2,50,
37,,,O3,50,
37,,,O4,50,
37,,,O5,50,
37,,,O6,50,
37,,,O7,50,
37,,,O8,50,
37,,,O9,50,
37,,,O10,50,
37,,,O11,50,
37,,,O12,50,
37,,,O13,50,
37,,,O14,50,
37,,,O15,50,
37,,,O16,50,
37,,,O17,50,
37,,,O18,50,
37,,,O19,50,
37,,,O20,50,
37,,,O21,50,
37,,,O22,50,
37,,,O23,50,
37,,,O24,50,
37,,,P1,50,
37,,,P2,50,
37,,,P3,50,
37,,,P4,50,
37,,,P5,50,
37,,,P6,50,
37,,,P7,50,
37,,,P8,50,
37,,,P9,50,
37,,,P10,50,
37,,,P11,50,
37,,,P12,50,
37,,,P13,50,
37,,,P14,50,
37,,,P15,50,
37,,,P16,50,
37,,,P17,50,
37,,,P18,50,
37,,,P19,50,
37,,,P20,50,
37,,,P21,50,
37,,,P22,50,
37,,,P23,50,
37,,,P24,50,
38,,,A1,0,
39,,,A1,45,
39,,,A2,45,
39,,,A3,45,
39,,,A4,45,
39,,,A5,45,
39,,,A6,45,
39,,,A7,45,
39,,,A8,45,
39,,,A9,45,
39,,,A10,45,
39,,,A11,45,
39,,,A12,45,
39,,,A13,45,
39,,,A14,45,
39,,,A15,45,
39,,,A16,45,
39,,,A17,45,
39,,,A18,45,
39,,,A19,45,
39,,,A20,45,
39,,,A21,45,
39,,,A22,45,
39,,,A23,45,
39,,,A24,45,
39,,,B1,45,
39,,,B2,45,
39,,,B3,45,
39,,,B4,45,
39,,,B5,45,
39,,,B6,45,
39,,,B7,45,
39,,,B8,45,
39,,,B9,45,
39,,,B10,45,
39,,,B11,45,
39,,,B12,45,
39,,,B13,45,
39,,,B14,45,
39,,,B15,45,
39,,,B16,45,
39,,,B17,45,
39,,,B18,45,
39,,,B19,45,
39,,,B20,45,
39,,,B21,45,
39,,,B22,45,
39,,,B23,45,
39,,,B24,45,
39,,,C1,45,
39,,,C2,45,
39,,,C3,45,
39,,,C4,45,
39,,,C5,45,
39,,,C6,45,
39,,,C7,45,
39,,,C8,45,
39,,,C9,45,
39,,,C10,45,
39,,,C11,45,
39,,,C12,45,
39,,,C13,45,
39,,,C14,45,
39,,,C15,45,
39,,,C16,45,
39,,,C17,45,
39,,,C18,45,
39,,,C19,45,
39,,,C20,45,
39,,,C21,45,
39,,,C22,45,
39,,,C23,45,
39,,,C24,45,
39,,,D1,45,
39,,,D2,45,
39,,,D3,45,
39,,,D4,45,
39,,,D5,45,
39,,,D6,45,
39,,,D7,45,
39,,,D8,45,
39,,,D9,45,
39,,,D10,45,
39,,,D11,45,
39,,,D12,45,
39,,,D13,45,
39,,,D14,45,
39,,,D15,45,
39,,,D16,45,
39,,,D17,45,
39,,,D18,45,
39,,,D19,45,
39,,,D20,45,
39,,,D21,45,
39,,,D22,45,
39,,,D23,45,
39,,,D24,45,
39,,,E1,45,
39,,,E2,45,
39,,,E3,45,
39,,,E4,45,
39,,,E5,45,
39,,,E6,45,
39,,,E7,45,
39,,,E8,45,
39,,,E9,45,
39,,,E10,45,
39,,,E11,45,
39,,,E12,45,
39,,,E13,45,
39,,,E14,45,
39,,,E15,45,
39,,,E16,45,
39,,,E17,45,
39,,,E18,45,
39,,,E19,45,
39,,,E20,45,
39,,,E21,45,
39,,,E22,45,
39,,,E23,45,
39,,,E24,45,
39,,,F1,45,
39,,,F2,45,
39,,,F3,45,
39,,,F4,45,
39,,,F5,45,
39,,,F6,45,
39,,,F7,45,
39,,,F8,45,
39,,,F9,45,
39,,,F10,45,
39,,,F11,45,
39,,,F12,45,
39,,,F13,45,
39,,,F14,45,
39,,,F15,45,
39,,,F16,45,
39,,,F17,45,
39,,,F18,45,
39,,,F19,45,
39,,,F20,45,
39,,,F21,45,
39,,,F22,45,
39,,,F23,45,
39,,,F24,45,
39,,,G1,45,
39,,,G2,45,
39,,,G3,45,
39,,,G4,45,
39,,,G5,45,
39,,,G6,45,
39,,,G7,45,
39,,,G8,45,
39,,,G9,45,
39,,,G10,45,
39,,,G11,45,
39,,,G12,45,
39,,,G13,45,
39,,,G14,45,
39,,,G15,45,
39,,,G16,45,
39,,,G17,45,
39,,,G18,45,
39,,,G19,45,
39,,,G20,45,
39,,,G21,45,
39,,,G22,45,
39,,,G23,45,
39,,,G24,45,
39,,,H1,45,
39,,,H2,45,
39,,,H3,45,
39,,,H4,45,
39,,,H5,45,
39,,,H6,45,
39,,,H7,45,
39,,,H8,45,
39,,,H9,45,
39,,,H10,45,
39,,,H11,45,
39,,,H12,45,
39,,,H13,45,
39,,,H14,45,
39,,,H15,45,
39,,,H16,45,
39,,,H17,45,
39,,,H18,45,
39,,,H19,45,
39,,,H20,45,
39,,,H21,45,
39,,,H22,45,
39,,,H23,45,
39,,,H24,45,
39,,,I1,45,
39,,,I2,45,
39,,,I3,45,
39,,,I4,45,
39,,,I5,45,
39,,,I6,45,
39,,,I7,45,
39,,,I8,45,
39,,,I9,45,
39,,,I10,45,
39,,,I11,45,
39,,,I12,45,
39,,,I13,45,
39,,,I14,45,
39,,,I15,45,
39,,,I16,45,
39,,,I17,45,
39,,,I18,45,
39,,,I19,45,
39,,,I20,45,
39,,,I21,45,
39,,,I22,45,
39,,,I23,45,
39,,,I24,45,
39,,,J1,45,
39,,,J2,45,
39,,,J3,45,
39,,,J4,45,
39,,,J5,45,
39,,,J6,45,
39,,,J7,45,
39,,,J8,45,
39,,,J9,45,
39,,,J10,45,
39,,,J11,45,
39,,,J12,45,
39,,,J13,45,
39,,,J14,45,
39,,,J15,45,
39,,,J16,45,
39,,,J17,45,
39,,,J18,45,
39,,,J19,45,
39,,,J20,45,
39,,,J21,45,
39,,,J22,45,
39,,,J23,45,
39,,,J24,45,
39,,,K1,45,
39,,,K2,45,
39,,,K3,45,
39,,,K4,45,
39,,,K5,45,
39,,,K6,45,
39,,,K7,45,
39,,,K8,45,
39,,,K9,45,
39,,,K10,45,
39,,,K11,45,
39,,,K12,45,
39,,,K13,45,
39,,,K14,45,
39,,,K15,45,
39,,,K16,45,
39,,,K17,45,
39,,,K18,45,
39,,,K19,45,
39,,,K20,45,
39,,,K21,45,
39,,,K22,45,
39,,,K23,45,
39,,,K24,45,
39,,,L1,45,
39,,,L2,45,
39,,,L3,45,
39,,,L4,45,
39,,,L5,45,
39,,,L6,45,
39,,,L7,45,
39,,,L8,45,
39,,,L9,45,
39,,,L10,45,
39,,,L11,45,
39,,,L12,45,
39,,,L13,45,
39,,,L14,45,
39,,,L15,45,
39,,,L16,45,
39,,,L17,45,
39,,,L18,45,
39,,,L19,45,
39,,,L20,45,
39,,,L21,45,
39,,,L22,45,
39,,,L23,45,
39,,,L24,45,
39,,,M1,45,
39,,,M2,45,
39,,,M3,45,
39,,,M4,45,
39,,,M5,45,
39,,,M6,45,
39,,,M7,45,
39,,,M8,45,
39,,,M9,45,
39,,,M10,45,
39,,,M11,45,
39,,,M12,45,
39,,,M13,45,
39,,,M14,45,
39,,,M15,45,
39,,,M16,45,
39,,,M17,45,
39,,,M18,45,
39,,,M19,45,
39,,,M20,45,
39,,,M21,45,
39,,,M22,45,
39,,,M23,45,
39,,,M24,45,
39,,,N1,45,
39,,,N2,45,
39,,,N3,45,
39,,,N4,45,
39,,,N5,45,
39,,,N6,45,
39,,,N7,45,
39,,,N8,45,
39,,,N9,45,
39,,,N10,45,
39,,,N11,45,
39,,,N12,45,
39,,,N13,45,
39,,,N14,45,
39,,,N15,45,
39,,,N16,45,
39,,,N17,45,
39,,,N18,45,
39,,,N19,45,
39,,,N20,45,
39,,,N21,45,
39,,,N22,45,
39,,,N23,45,
39,,,N24,45,
39,,,O1,45,
39,,,O2,45,
39,,,O3,45,
39,,,O4,45,
39,,,O5,45,
39,,,O6,45,
39,,,O7,45,
39,,,O8,45,
39,,,O9,45,
39,,,O10,45,
39,,,O11,45,
39,,,O12,45,
39,,,O13,45,
39,,,O14,45,
39,,,O15,45,
39,,,O16,45,
39,,,O17,45,
39,,,O18,45,
39,,,O19,45,
39,,,O20,45,
39,,,O21,45,
39,,,O22,45,
39,,,O23,45,
39,,,O24,45,
39,,,P1,45,
39,,,P2,45,
39,,,P3,45,
39,,,P4,45,
39,,,P5,45,
39,,,P6,45,
39,,,P7,45,
39,,,P8,45,
39,,,P9,45,
39,,,P10,45,
39,,,P11,45,
39,,,P12,45,
39,,,P13,45,
39,,,P14,45,
39,,,P15,45,
39,,,P16,45,
39,,,P17,45,
39,,,P18,45,
39,,,P19,45,
39,,,P20,45,
39,,,P21,45,
39,,,P22,45,
39,,,P23,45,
39,,,P24,45,
40,,,A1,0,
41,,,A1,45,
41,,,A2,45,
41,,,A3,45,
41,,,A4,45,
41,,,A5,45,
41,,,A6,45,
41,,,A7,45,
41,,,A8,45,
41,,,A9,45,
41,,,A10,45,
41,,,A11,45,
41,,,A12,45,
41,,,A13,45,
41,,,A14,45,
41,,,A15,45,
41,,,A16,45,
41,,,A17,45,
41,,,A18,45,
41,,,A19,45,
41,,,A20,45,
41,,,A21,45,
41,,,A22,45,
41,,,A23,45,
41,,,A24,45,
41,,,B1,45,
41,,,B2,45,
41,,,B3,45,
41,,,B4,45,
41,,,B5,45,
41,,,B6,45,
41,,,B7,45,
41,,,B8,45,
41,,,B9,45,
41,,,B10,45,
41,,,B11,45,
41,,,B12,45,
41,,,B13,45,
41,,,B14,45,
41,,,B15,45,
41,,,B16,45,
41,,,B17,45,
41,,,B18,45,
41,,,B19,45,
41,,,B20,45,
41,,,B21,45,
41,,,B22,45,
41,,,B23,45,
41,,,B24,45,
41,,,C1,45,
41,,,C2,45,
41,,,C3,45,
41,,,C4,45,
41,,,C5,45,
41,,,C6,45,
41,,,C7,45,
41,,,C8,45,
41,,,C9,45,
41,,,C10,45,
41,,,C11,45,
41,,,C12,45,
41,,,C13,45,
41,,,C14,45,
41,,,C15,45,
41,,,C16,45,
41,,,C17,45,
41,,,C18,45,
41,,,C19,45,
41,,,C20,45,
41,,,C21,45,
41,,,C22,45,
41,,,C23,45,
41,,,C24,45,
41,,,D1,45,
41,,,D2,45,
41,,,D3,45,
41,,,D4,45,
41,,,D5,45,
41,,,D6,45,
41,,,D7,45,
41,,,D8,45,
41,,,D9,45,
41,,,D10,45,
41,,,D11,45,
41,,,D12,45,
41,,,D13,45,
41,,,D14,45,
41,,,D15,45,
41,,,D16,45,
41,,,D17,45,
41,,,D18,45,
41,,,D19,45,
41,,,D20,45,
41,,,D21,45,
41,,,D22,45,
41,,,D23,45,
41,,,D24,45,
41,,,E1,45,
41,,,E2,45,
41,,,E3,45,
41,,,E4,45,
41,,,E5,45,
41,,,E6,45,
41,,,E7,45,
41,,,E8,45,
41,,,E9,45,
41,,,E10,45,
41,,,E11,45,
41,,,E12,45,
41,,,E13,45,
41,,,E14,45,
41,,,E15,45,
41,,,E16,45,
41,,,E17,45,
41,,,E18,45,
41,,,E19,45,
41,,,E20,45,
41,,,E21,45,
41,,,E22,45,
41,,,E23,45,
41,,,E24,45,
41,,,F1,45,
41,,,F2,45,
41,,,F3,45,
41,,,F4,45,
41,,,F5,45,
41,,,F6,45,
41,,,F7,45,
41,,,F8,45,
41,,,F9,45,
41,,,F10,45,
41,,,F11,45,
41,,,F12,45,
41,,,F13,45,
41,,,F14,45,
41,,,F15,45,
41,,,F16,45,
41,,,F17,45,
41,,,F18,45,
41,,,F19,45,
41,,,F20,45,
41,,,F21,45,
41,,,F22,45,
41,,,F23,45,
41,,,F24,45,
41,,,G1,45,
41,,,G2,45,
41,,,G3,45,
41,,,G4,45,
41,,,G5,45,
41,,,G6,45,
41,,,G7,45,
41,,,G8,45,
41,,,G9,45,
41,,,G10,45,
41,,,G11,45,
41,,,G12,45,
41,,,G13,45,
41,,,G14,45,
41,,,G15,45,
41,,,G16,45,
41,,,G17,45,
41,,,G18,45,
41,,,G19,45,
41,,,G20,45,
41,,,G21,45,
41,,,G22,45,
41,,,G23,45,
41,,,G24,45,
41,,,H1,45,
41,,,H2,45,
41,,,H3,45,
41,,,H4,45,
41,,,H5,45,
41,,,H6,45,
41,,,H7,45,
41,,,H8,45,
41,,,H9,45,
41,,,H10,45,
41,,,H11,45,
41,,,H12,45,
41,,,H13,45,
41,,,H14,45,
41,,,H15,45,
41,,,H16,45,
41,,,H17,45,
41,,,H18,45,
41,,,H19,45,
41,,,H20,45,
41,,,H21,45,
41,,,H22,45,
41,,,H23,45,
41,,,H24,45,
41,,,I1,45,
41,,,I2,45,
41,,,I3,45,
41,,,I4,45,
41,,,I5,45,
41,,,I6,45,
41,,,I7,45,
41,,,I8,45,
41,,,I9,45,
41,,,I10,45,
41,,,I11,45,
41,,,I12,45,
41,,,I13,45,
41,,,I14,45,
41,,,I15,45,
41,,,I16,45,
41,,,I17,45,
41,,,I18,45,
41,,,I19,45,
41,,,I20,45,
41,,,I21,45,
41,,,I22,45,
41,,,I23,45,
41,,,I24,45,
41,,,J1,45,
41,,,J2,45,
41,,,J3,45,
41,,,J4,45,
41,,,J5,45,
41,,,J6,45,
41,,,J7,45,
41,,,J8,45,
41,,,J9,45,
41,,,J10,45,
41,,,J11,45,
41,,,J12,45,
41,,,J13,45,
41,,,J14,45,
41,,,J15,45,
41,,,J16,45,
41,,,J17,45,
41,,,J18,45,
41,,,J19,45,
41,,,J20,45,
41,,,J21,45,
41,,,J22,45,
41,,,J23,45,
41,,,J24,45,
41,,,K1,45,
41,,,K2,45,
41,,,K3,45,
41,,,K4,45,
41,,,K5,45,
41,,,K6,45,
41,,,K7,45,
41,,,K8,45,
41,,,K9,45,
41,,,K10,45,
41,,,K11,45,
41,,,K12,45,
41,,,K13,45,
41,,,K14,45,
41,,,K15,45,
41,,,K16,45,
41,,,K17,45,
41,,,K18,45,
41,,,K19,45,
41,,,K20,45,
41,,,K21,45,
41,,,K22,45,
41,,,K23,45,
41,,,K24,45,
41,,,L1,45,
41,,,L2,45,
41,,,L3,45,
41,,,L4,45,
41,,,L5,45,
41,,,L6,45,
41,,,L7,45,
41,,,L8,45,
41,,,L9,45,
41,,,L10,45,
41,,,L11,45,
41,,,L12,45,
41,,,L13,45,
41,,,L14,45,
41,,,L15,45,
41,,,L16,45,
41,,,L17,45,
41,,,L18,45,
41,,,L19,45,
41,,,L20,45,
41,,,L21,45,
41,,,L22,45,
41,,,L23,45,
41,,,L24,45,
41,,,M1,45,
41,,,M2,45,
41,,,M3,45,
41,,,M4,45,
41,,,M5,45,
41,,,M6,45,
41,,,M7,45,
41,,,M8,45,
41,,,M9,45,
41,,,M10,45,
41,,,M11,45,
41,,,M12,45,
41,,,M13,45,
41,,,M14,45,
41,,,M15,45,
41,,,M16,45,
41,,,M17,45,
41,,,M18,45,
41,,,M19,45,
41,,,M20,45,
41,,,M21,45,
41,,,M22,45,
41,,,M23,45,
41,,,M24,45,
41,,,N1,45,
41,,,N2,45,
41,,,N3,45,
41,,,N4,45,
41,,,N5,45,
41,,,N6,45,
41,,,N7,45,
41,,,N8,45,
41,,,N9,45,
41,,,N10,45,
41,,,N11,45,
41,,,N12,45,
41,,,N13,45,
41,,,N14,45,
41,,,N15,45,
41,,,N16,45,
41,,,N17,45,
41,,,N18,45,
41,,,N19,45,
41,,,N20,45,
41,,,N21,45,
41,,,N22,45,
41,,,N23,45,
41,,,N24,45,
41,,,O1,45,
41,,,O2,45,
41,,,O3,45,
41,,,O4,45,
41,,,O5,45,
41,,,O6,45,
41,,,O7,45,
41,,,O8,45,
41,,,O9,45,
41,,,O10,45,
41,,,O11,45,
41,,,O12,45,
41,,,O13,45,
41,,,O14,45,
41,,,O15,45,
41,,,O16,45,
41,,,O17,45,
41,,,O18,45,
41,,,O19,45,
41,,,O20,45,
41,,,O21,45,
41,,,O22,45,
41,,,O23,45,
41,,,O24,45,
41,,,P1,45,
41,,,P2,45,
41,,,P3,45,
41,,,P4,45,
41,,,P5,45,
41,,,P6,45,
41,,,P7,45,
41,,,P8,45,
41,,,P9,45,
41,,,P10,45,
41,,,P11,45,
41,,,P12,45,
41,,,P13,45,
41,,,P14,45,
41,,,P15,45,
41,,,P16,45,
41,,,P17,45,
41,,,P18,45,
41,,,P19,45,
41,,,P20,45,
41,,,P21,45,
41,,,P22,45,
41,,,P23,45,
41,,,P24,45,
42,,,A1,0,
43,,,A1,45,
43,,,A2,45,
43,,,A3,45,
43,,,A4,45,
43,,,A5,45,
43,,,A6,45,
43,,,A7,45,
43,,,A8,45,
43,,,A9,45,
43,,,A10,45,
43,,,A11,45,
43,,,A12,45,
43,,,A13,45,
43,,,A14,45,
43,,,A15,45,
43,,,A16,45,
43,,,A17,45,
43,,,A18,45,
43,,,A19,45,
43,,,A20,45,
43,,,A21,45,
43,,,A22,45,
43,,,A23,45,
43,,,A24,45,
43,,,B1,45,
43,,,B2,45,
43,,,B3,45,
43,,,B4,45,
43,,,B5,45,
43,,,B6,45,
43,,,B7,45,
43,,,B8,45,
43,,,B9,45,
43,,,B10,45,
43,,,B11,45,
43,,,B12,45,
43,,,B13,45,
43,,,B14,45,
43,,,B15,45,
43,,,B16,45,
43,,,B17,45,
43,,,B18,45,
43,,,B19,45,
43,,,B20,45,
43,,,B21,45,
43,,,B22,45,
43,,,B23,45,
43,,,B24,45,
43,,,C1,45,
43,,,C2,45,
43,,,C3,45,
43,,,C4,45,
43,,,C5,45,
43,,,C6,45,
43,,,C7,45,
43,,,C8,45,
43,,,C9,45,
43,,,C10,45,
43,,,C11,45,
43,,,C12,45,
43,,,C13,45,
43,,,C14,45,
43,,,C15,45,
43,,,C16,45,
43,,,C17,45,
43,,,C18,45,
43,,,C19,45,
43,,,C20,45,
43,,,C21,45,
43,,,C22,45,
43,,,C23,45,
43,,,C24,45,
43,,,D1,45,
43,,,D2,45,
43,,,D3,45,
43,,,D4,45,
43,,,D5,45,
43,,,D6,45,
43,,,D7,45,
43,,,D8,45,
43,,,D9,45,
43,,,D10,45,
43,,,D11,45,
43,,,D12,45,
43,,,D13,45,
43,,,D14,45,
43,,,D15,45,
43,,,D16,45,
43,,,D17,45,
43,,,D18,45,
43,,,D19,45,
43,,,D20,45,
43,,,D21,45,
43,,,D22,45,
43,,,D23,45,
43,,,D24,45,
43,,,E1,45,
43,,,E2,45,
43,,,E3,45,
43,,,E4,45,
43,,,E5,45,
43,,,E6,45,
43,,,E7,45,
43,,,E8,45,
43,,,E9,45,
43,,,E10,45,
43,,,E11,45,
43,,,E12,45,
43,,,E13,45,
43,,,E14,45,
43,,,E15,45,
43,,,E16,45,
43,,,E17,45,
43,,,E18,45,
43,,,E19,45,
43,,,E20,45,
43,,,E21,45,
43,,,E22,45,
43,,,E23,45,
43,,,E24,45,
43,,,F1,45,
43,,,F2,45,
43,,,F3,45,
43,,,F4,45,
43,,,F5,45,
43,,,F6,45,
43,,,F7,45,
43,,,F8,45,
43,,,F9,45,
43,,,F10,45,
43,,,F11,45,
43,,,F12,45,
43,,,F13,45,
43,,,F14,45,
43,,,F15,45,
43,,,F16,45,
43,,,F17,45,
43,,,F18,45,
43,,,F19,45,
43,,,F20,45,
43,,,F21,45,
43,,,F22,45,
43,,,F23,45,
43,,,F24,45,
43,,,G1,45,
43,,,G2,45,
43,,,G3,45,
43,,,G4,45,
43,,,G5,45,
43,,,G6,45,
43,,,G7,45,
43,,,G8,45,
43,,,G9,45,
43,,,G10,45,
43,,,G11,45,
43,,,G12,45,
43,,,G13,45,
43,,,G14,45,
43,,,G15,45,
43,,,G16,45,
43,,,G17,45,
43,,,G18,45,
43,,,G19,45,
43,,,G20,45,
43,,,G21,45,
43,,,G22,45,
43,,,G23,45,
43,,,G24,45,
43,,,H1,45,
43,,,H2,45,
43,,,H3,45,
43,,,H4,45,
43,,,H5,45,
43,,,H6,45,
43,,,H7,45,
43,,,H8,45,
43,,,H9,45,
43,,,H10,45,
43,,,H11,45,
43,,,H12,45,
43,,,H13,45,
43,,,H14,45,
43,,,H15,45,
43,,,H16,45,
43,,,H17,45,
43,,,H18,45,
43,,,H19,45,
43,,,H20,45,
43,,,H21,45,
43,,,H22,45,
43,,,H23,45,
43,,,H24,45,
43,,,I1,45,
43,,,I2,45,
43,,,I3,45,
43,,,I4,45,
43,,,I5,45,
43,,,I6,45,
43,,,I7,45,
43,,,I8,45,
43,,,I9,45,
43,,,I10,45,
43,,,I11,45,
43,,,I12,45,
43,,,I13,45,
43,,,I14,45,
43,,,I15,45,
43,,,I16,45,
43,,,I17,45,
43,,,I18,45,
43,,,I19,45,
43,,,I20,45,
43,,,I21,45,
43,,,I22,45,
43,,,I23,45,
43,,,I24,45,
43,,,J1,45,
43,,,J2,45,
43,,,J3,45,
43,,,J4,45,
43,,,J5,45,
43,,,J6,45,
43,,,J7,45,
43,,,J8,45,
43,,,J9,45,
43,,,J10,45,
43,,,J11,45,
43,,,J12,45,
43,,,J13,45,
43,,,J14,45,
43,,,J15,45,
43,,,J16,45,
43,,,J17,45,
43,,,J18,45,
43,,,J19,45,
43,,,J20,45,
43,,,J21,45,
43,,,J22,45,
43,,,J23,45,
43,,,J24,45,
43,,,K1,45,
43,,,K2,45,
43,,,K3,45,
43,,,K4,45,
43,,,K5,45,
43,,,K6,45,
43,,,K7,45,
43,,,K8,45,
43,,,K9,45,
43,,,K10,45,
43,,,K11,45,
43,,,K12,45,
43,,,K13,45,
43,,,K14,45,
43,,,K15,45,
43,,,K16,45,
43,,,K17,45,
43,,,K18,45,
43,,,K19,45,
43,,,K20,45,
43,,,K21,45,
43,,,K22,45,
43,,,K23,45,
43,,,K24,45,
43,,,L1,45,
43,,,L2,45,
43,,,L3,45,
43,,,L4,45,
43,,,L5,45,
43,,,L6,45,
43,,,L7,45,
43,,,L8,45,
43,,,L9,45,
43,,,L10,45,
43,,,L11,45,
43,,,L12,45,
43,,,L13,45,
43,,,L14,45,
43,,,L15,45,
43,,,L16,45,
43,,,L17,45,
43,,,L18,45,
43,,,L19,45,
43,,,L20,45,
43,,,L21,45,
43,,,L22,45,
43,,,L23,45,
43,,,L24,45,
43,,,M1,45,
43,,,M2,45,
43,,,M3,45,
43,,,M4,45,
43,,,M5,45,
43,,,M6,45,
43,,,M7,45,
43,,,M8,45,
43,,,M9,45,
43,,,M10,45,
43,,,M11,45,
43,,,M12,45,
43,,,M13,45,
43,,,M14,45,
43,,,M15,45,
43,,,M16,45,
43,,,M17,45,
43,,,M18,45,
43,,,M19,45,
43,,,M20,45,
43,,,M21,45,
43,,,M22,45,
43,,,M23,45,
43,,,M24,45,
43,,,N1,45,
43,,,N2,45,
43,,,N3,45,
43,,,N4,45,
43,,,N5,45,
43,,,N6,45,
43,,,N7,45,
43,,,N8,45,
43,,,N9,45,
43,,,N10,45,
43,,,N11,45,
43,,,N12,45,
43,,,N13,45,
43,,,N14,45,
43,,,N15,45,
43,,,N16,45,
43,,,N17,45,
43,,,N18,45,
43,,,N19,45,
43,,,N20,45,
43,,,N21,45,
43,,,N22,45,
43,,,N23,45,
43,,,N24,45,
43,,,O1,45,
43,,,O2,45,
43,,,O3,45,
43,,,O4,45,
43,,,O5,45,
43,,,O6,45,
43,,,O7,45,
43,,,O8,45,
43,,,O9,45,
43,,,O10,45,
43,,,O11,45,
43,,,O12,45,
43,,,O13,45,
43,,,O14,45,
43,,,O15,45,
43,,,O16,45,
43,,,O17,45,
43,,,O18,45,
43,,,O19,45,
43,,,O20,45,
43,,,O21,45,
43,,,O22,45,
43,,,O23,45,
43,,,O24,45,
43,,,P1,45,
43,,,P2,45,
43,,,P3,45,
43,,,P4,45,
43,,,P5,45,
43,,,P6,45,
43,,,P7,45,
43,,,P8,45,
43,,,P9,45,
43,,,P10,45,
43,,,P11,45,
43,,,P12,45,
43,,,P13,45,
43,,,P14,45,
43,,,P15,45,
43,,,P16,45,
43,,,P17,45,
43,,,P18,45,
43,,,P19,45,
43,,,P20,45,
43,,,P21,45,
43,,,P22,45,
43,,,P23,45,
43,,,P24,45,
44,,,A1,0,
45,,,A1,45,
45,,,A2,45,
45,,,A3,45,
45,,,A4,45,
45,,,A5,45,
45,,,A6,45,
45,,,A7,45,
45,,,A8,45,
45,,,A9,45,
45,,,A10,45,
45,,,A11,45,
45,,,A12,45,
45,,,A13,45,
45,,,A14,45,
45,,,A15,45,
45,,,A16,45,
45,,,A17,45,
45,,,A18,45,
45,,,A19,45,
45,,,A20,45,
45,,,A21,45,
45,,,A22,45,
45,,,A23,45,
45,,,A24,45,
45,,,B1,45,
45,,,B2,45,
45,,,B3,45,
45,,,B4,45,
45,,,B5,45,
45,,,B6,45,
45,,,B7,45,
45,,,B8,45,
45,,,B9,45,
45,,,B10,45,
45,,,B11,45,
45,,,B12,45,
45,,,B13,45,
45,,,B14,45,
45,,,B15,45,
45,,,B16,45,
45,,,B17,45,
45,,,B18,45,
45,,,B19,45,
45,,,B20,45,
45,,,B21,45,
45,,,B22,45,
45,,,B23,45,
45,,,B24,45,
45,,,C1,45,
45,,,C2,45,
45,,,C3,45,
45,,,C4,45,
45,,,C5,45,
45,,,C6,45,
45,,,C7,45,
45,,,C8,45,
45,,,C9,45,
45,,,C10,45,
45,,,C11,45,
45,,,C12,45,
45,,,C13,45,
45,,,C14,45,
45,,,C15,45,
45,,,C16,45,
45,,,C17,45,
45,,,C18,45,
45,,,C19,45,
45,,,C20,45,
45,,,C21,45,
45,,,C22,45,
45,,,C23,45,
45,,,C24,45,
45,,,D1,45,
45,,,D2,45,
45,,,D3,45,
45,,,D4,45,
45,,,D5,45,
45,,,D6,45,
45,,,D7,45,
45,,,D8,45,
45,,,D9,45,
45,,,D10,45,
45,,,D11,45,
45,,,D12,45,
45,,,D13,45,
45,,,D14,45,
45,,,D15,45,
45,,,D16,45,
45,,,D17,45,
45,,,D18,45,
45,,,D19,45,
45,,,D20,45,
45,,,D21,45,
45,,,D22,45,
45,,,D23,45,
45,,,D24,45,
45,,,E1,45,
45,,,E2,45,
45,,,E3,45,
45,,,E4,45,
45,,,E5,45,
45,,,E6,45,
45,,,E7,45,
45,,,E8,45,
45,,,E9,45,
45,,,E10,45,
45,,,E11,45,
45,,,E12,45,
45,,,E13,45,
45,,,E14,45,
45,,,E15,45,
45,,,E16,45,
45,,,E17,45,
45,,,E18,45,
45,,,E19,45,
45,,,E20,45,
45,,,E21,45,
45,,,E22,45,
45,,,E23,45,
45,,,E24,45,
45,,,F1,45,
45,,,F2,45,
45,,,F3,45,
45,,,F4,45,
45,,,F5,45,
45,,,F6,45,
45,,,F7,45,
45,,,F8,45,
45,,,F9,45,
45,,,F10,45,
45,,,F11,45,
45,,,F12,45,
45,,,F13,45,
45,,,F14,45,
45,,,F15,45,
45,,,F16,45,
45,,,F17,45,
45,,,F18,45,
45,,,F19,45,
45,,,F20,45,
45,,,F21,45,
45,,,F22,45,
45,,,F23,45,
45,,,F24,45,
45,,,G1,45,
45,,,G2,45,
45,,,G3,45,
45,,,G4,45,
45,,,G5,45,
45,,,G6,45,
45,,,G7,45,
45,,,G8,45,
45,,,G9,45,
45,,,G10,45,
45,,,G11,45,
45,,,G12,45,
45,,,G13,45,
45,,,G14,45,
45,,,G15,45,
45,,,G16,45,
45,,,G17,45,
45,,,G18,45,
45,,,G19,45,
45,,,G20,45,
45,,,G21,45,
45,,,G22,45,
45,,,G23,45,
45,,,G24,45,
45,,,H1,45,
45,,,H2,45,
45,,,H3,45,
45,,,H4,45,
45,,,H5,45,
45,,,H6,45,
45,,,H7,45,
45,,,H8,45,
45,,,H9,45,
45,,,H10,45,
45,,,H11,45,
45,,,H12,45,
45,,,H13,45,
45,,,H14,45,
45,,,H15,45,
45,,,H16,45,
45,,,H17,45,
45,,,H18,45,
45,,,H19,45,
45,,,H20,45,
45,,,H21,45,
45,,,H22,45,
45,,,H23,45,
45,,,H24,45,
45,,,I1,45,
45,,,I2,45,
45,,,I3,45,
45,,,I4,45,
45,,,I5,45,
45,,,I6,45,
45,,,I7,45,
45,,,I8,45,
45,,,I9,45,
45,,,I10,45,
45,,,I11,45,
45,,,I12,45,
45,,,I13,45,
45,,,I14,45,
45,,,I15,45,
45,,,I16,45,
45,,,I17,45,
45,,,I18,45,
45,,,I19,45,
45,,,I20,45,
45,,,I21,45,
45,,,I22,45,
45,,,I23,45,
45,,,I24,45,
45,,,J1,45,
45,,,J2,45,
45,,,J3,45,
45,,,J4,45,
45,,,J5,45,
45,,,J6,45,
45,,,J7,45,
45,,,J8,45,
45,,,J9,45,
45,,,J10,45,
45,,,J11,45,
45,,,J12,45,
45,,,J13,45,
45,,,J14,45,
45,,,J15,45,
45,,,J16,45,
45,,,J17,45,
45,,,J18,45,
45,,,J19,45,
45,,,J20,45,
45,,,J21,45,
45,,,J22,45,
45,,,J23,45,
45,,,J24,45,
45,,,K1,45,
45,,,K2,45,
45,,,K3,45,
45,,,K4,45,
45,,,K5,45,
45,,,K6,45,
45,,,K7,45,
45,,,K8,45,
45,,,K9,45,
45,,,K10,45,
45,,,K11,45,
45,,,K12,45,
45,,,K13,45,
45,,,K14,45,
45,,,K15,45,
45,,,K16,45,
45,,,K17,45,
45,,,K18,45,
45,,,K19,45,
45,,,K20,45,
45,,,K21,45,
45,,,K22,45,
45,,,K23,45,
45,,,K24,45,
45,,,L1,45,
45,,,L2,45,
45,,,L3,45,
45,,,L4,45,
45,,,L5,45,
45,,,L6,45,
45,,,L7,45,
45,,,L8,45,
45,,,L9,45,
45,,,L10,45,
45,,,L11,45,
45,,,L12,45,
45,,,L13,45,
45,,,L14,45,
45,,,L15,45,
45,,,L16,45,
45,,,L17,45,
45,,,L18,45,
45,,,L19,45,
45,,,L20,45,
45,,,L21,45,
45,,,L22,45,
45,,,L23,45,
45,,,L24,45,
45,,,M1,45,
45,,,M2,45,
45,,,M3,45,
45,,,M4,45,
45,,,M5,45,
45,,,M6,45,
45,,,M7,45,
45,,,M8,45,
45,,,M9,45,
45,,,M10,45,
45,,,M11,45,
45,,,M12,45,
45,,,M13,45,
45,,,M14,45,
45,,,M15,45,
45,,,M16,45,
45,,,M17,45,
45,,,M18,45,
45,,,M19,45,
45,,,M20,45,
45,,,M21,45,
45,,,M22,45,
45,,,M23,45,
45,,,M24,45,
45,,,N1,45,
45,,,N2,45,
45,,,N3,45,
45,,,N4,45,
45,,,N5,45,
45,,,N6,45,
45,,,N7,45,
45,,,N8,45,
45,,,N9,45,
45,,,N10,45,
45,,,N11,45,
45,,,N12,45,
45,,,N13,45,
45,,,N14,45,
45,,,N15,45,
45,,,N16,45,
45,,,N17,45,
45,,,N18,45,
45,,,N19,45,
45,,,N20,45,
45,,,N21,45,
45,,,N22,45,
45,,,N23,45,
45,,,N24,45,
45,,,O1,45,
45,,,O2,45,
45,,,O3,45,
45,,,O4,45,
45,,,O5,45,
45,,,O6,45,
45,,,O7,45,
45,,,O8,45,
45,,,O9,45,
45,,,O10,45,
45,,,O11,45,
45,,,O12,45,
45,,,O13,45,
45,,,O14,45,
45,,,O15,45,
45,,,O16,45,
45,,,O17,45,
45,,,O18,45,
45,,,O19,45,
45,,,O20,45,
45,,,O21,45,
45,,,O22,45,
45,,,O23,45,
45,,,O24,45,
45,,,P1,45,
45,,,P2,45,
45,,,P3,45,
45,,,P4,45,
45,,,P5,45,
45,,,P6,45,
45,,,P7,45,
45,,,P8,45,
45,,,P9,45,
45,,,P10,45,
45,,,P11,45,
45,,,P12,45,
45,,,P13,45,
45,,,P14,45,
45,,,P15,45,
45,,,P16,45,
45,,,P17,45,
45,,,P18,45,
45,,,P19,45,
45,,,P20,45,
45,,,P21,45,
45,,,P22,45,
45,,,P23,45,
45,,,P24,45,
46,,,A1,0,
47,,,A1,45,
47,,,A2,45,
47,,,A3,45,
47,,,A4,45,
47,,,A5,45,
47,,,A6,45,
47,,,A7,45,
47,,,A8,45,
47,,,A9,45,
47,,,A10,45,
47,,,A11,45,
47,,,A12,45,
47,,,A13,45,
47,,,A14,45,
47,,,A15,45,
47,,,A16,45,
47,,,A17,45,
47,,,A18,45,
47,,,A19,45,
47,,,A20,45,
47,,,A21,45,
47,,,A22,45,
47,,,A23,45,
47,,,A24,45,
47,,,B1,45,
47,,,B2,45,
47,,,B3,45,
47,,,B4,45,
47,,,B5,45,
47,,,B6,45,
47,,,B7,45,
47,,,B8,45,
47,,,B9,45,
47,,,B10,45,
47,,,B11,45,
47,,,B12,45,
47,,,B13,45,
47,,,B14,45,
47,,,B15,45,
47,,,B16,45,
47,,,B17,45,
47,,,B18,45,
47,,,B19,45,
47,,,B20,45,
47,,,B21,45,
47,,,B22,45,
47,,,B23,45,
47,,,B24,45,
47,,,C1,45,
47,,,C2,45,
47,,,C3,45,
47,,,C4,45,
47,,,C5,45,
47,,,C6,45,
47,,,C7,45,
47,,,C8,45,
47,,,C9,45,
47,,,C10,45,
47,,,C11,45,
47,,,C12,45,
47,,,C13,45,
47,,,C14,45,
47,,,C15,45,
47,,,C16,45,
47,,,C17,45,
47,,,C18,45,
47,,,C19,45,
47,,,C20,45,
47,,,C21,45,
47,,,C22,45,
47,,,C23,45,
47,,,C24,45,
47,,,D1,45,
47,,,D2,45,
47,,,D3,45,
47,,,D4,45,
47,,,D5,45,
47,,,D6,45,
47,,,D7,45,
47,,,D8,45,
47,,,D9,45,
47,,,D10,45,
47,,,D11,45,
47,,,D12,45,
47,,,D13,45,
47,,,D14,45,
47,,,D15,45,
47,,,D16,45,
47,,,D17,45,
47,,,D18,45,
47,,,D19,45,
47,,,D20,45,
47,,,D21,45,
47,,,D22,45,
47,,,D23,45,
47,,,D24,45,
47,,,E1,45,
47,,,E2,45,
47,,,E3,45,
47,,,E4,45,
47,,,E5,45,
47,,,E6,45,
47,,,E7,45,
47,,,E8,45,
47,,,E9,45,
47,,,E10,45,
47,,,E11,45,
47,,,E12,45,
47,,,E13,45,
47,,,E14,45,
47,,,E15,45,
47,,,E16,45,
47,,,E17,45,
47,,,E18,45,
47,,,E19,45,
47,,,E20,45,
47,,,E21,45,
47,,,E22,45,
47,,,E23,45,
47,,,E24,45,
47,,,F1,45,
47,,,F2,45,
47,,,F3,45,
47,,,F4,45,
47,,,F5,45,
47,,,F6,45,
47,,,F7,45,
47,,,F8,45,
47,,,F9,45,
47,,,F10,45,
47,,,F11,45,
47,,,F12,45,
47,,,F13,45,
47,,,F14,45,
47,,,F15,45,
47,,,F16,45,
47,,,F17,45,
47,,,F18,45,
47,,,F19,45,
47,,,F20,45,
47,,,F21,45,
47,,,F22,45,
47,,,F23,45,
47,,,F24,45,
47,,,G1,45,
47,,,G2,45,
47,,,G3,45,
47,,,G4,45,
47,,,G5,45,
47,,,G6,45,
47,,,G7,45,
47,,,G8,45,
47,,,G9,45,
47,,,G10,45,
47,,,G11,45,
47,,,G12,45,
47,,,G13,45,
47,,,G14,45,
47,,,G15,45,
47,,,G16,45,
47,,,G17,45,
47,,,G18,45,
47,,,G19,45,
47,,,G20,45,
47,,,G21,45,
47,,,G22,45,
47,,,G23,45,
47,,,G24,45,
47,,,H1,45,
47,,,H2,45,
47,,,H3,45,
47,,,H4,45,
47,,,H5,45,
47,,,H6,45,
47,,,H7,45,
47,,,H8,45,
47,,,H9,45,
47,,,H10,45,
47,,,H11,45,
47,,,H12,45,
47,,,H13,45,
47,,,H14,45,
47,,,H15,45,
47,,,H16,45,
47,,,H17,45,
47,,,H18,45,
47,,,H19,45,
47,,,H20,45,
47,,,H21,45,
47,,,H22,45,
47,,,H23,45,
47,,,H24,45,
47,,,I1,45,
47,,,I2,45,
47,,,I3,45,
47,,,I4,45,
47,,,I5,45,
47,,,I6,45,
47,,,I7,45,
47,,,I8,45,
47,,,I9,45,
47,,,I10,45,
47,,,I11,45,
47,,,I12,45,
47,,,I13,45,
47,,,I14,45,
47,,,I15,45,
47,,,I16,45,
47,,,I17,45,
47,,,I18,45,
47,,,I19,45,
47,,,I20,45,
47,,,I21,45,
47,,,I22,45,
47,,,I23,45,
47,,,I24,45,
47,,,J1,45,
47,,,J2,45,
47,,,J3,45,
47,,,J4,45,
47,,,J5,45,
47,,,J6,45,
47,,,J7,45,
47,,,J8,45,
47,,,J9,45,
47,,,J10,45,
47,,,J11,45,
47,,,J12,45,
47,,,J13,45,
47,,,J14,45,
47,,,J15,45,
47,,,J16,45,
47,,,J17,45,
47,,,J18,45,
47,,,J19,45,
47,,,J20,45,
47,,,J21,45,
47,,,J22,45,
47,,,J23,45,
47,,,J24,45,
47,,,K1,45,
47,,,K2,45,
47,,,K3,45,
47,,,K4,45,
47,,,K5,45,
47,,,K6,45,
47,,,K7,45,
47,,,K8,45,
47,,,K9,45,
47,,,K10,45,
47,,,K11,45,
47,,,K12,45,
47,,,K13,45,
47,,,K14,45,
47,,,K15,45,
47,,,K16,45,
47,,,K17,45,
47,,,K18,45,
47,,,K19,45,
47,,,K20,45,
47,,,K21,45,
47,,,K22,45,
47,,,K23,45,
47,,,K24,45,
47,,,L1,45,
47,,,L2,45,
47,,,L3,45,
47,,,L4,45,
47,,,L5,45,
47,,,L6,45,
47,,,L7,45,
47,,,L8,45,
47,,,L9,45,
47,,,L10,45,
47,,,L11,45,
47,,,L12,45,
47,,,L13,45,
47,,,L14,45,
47,,,L15,45,
47,,,L16,45,
47,,,L17,45,
47,,,L18,45,
47,,,L19,45,
47,,,L20,45,
47,,,L21,45,
47,,,L22,45,
47,,,L23,45,
47,,,L24,45,
47,,,M1,45,
47,,,M2,45,
47,,,M3,45,
47,,,M4,45,
47,,,M5,45,
47,,,M6,45,
47,,,M7,45,
47,,,M8,45,
47,,,M9,45,
47,,,M10,45,
47,,,M11,45,
47,,,M12,45,
47,,,M13,45,
47,,,M14,45,
47,,,M15,45,
47,,,M16,45,
47,,,M17,45,
47,,,M18,45,
47,,,M19,45,
47,,,M20,45,
47,,,M21,45,
47,,,M22,45,
47,,,M23,45,
47,,,M24,45,
47,,,N1,45,
47,,,N2,45,
47,,,N3,45,
47,,,N4,45,
47,,,N5,45,
47,,,N6,45,
47,,,N7,45,
47,,,N8,45,
47,,,N9,45,
47,,,N10,45,
47,,,N11,45,
47,,,N12,45,
47,,,N13,45,
47,,,N14,45,
47,,,N15,45,
47,,,N16,45,
47,,,N17,45,
47,,,N18,45,
47,,,N19,45,
47,,,N20,45,
47,,,N21,45,
47,,,N22,45,
47,,,N23,45,
47,,,N24,45,
47,,,O1,45,
47,,,O2,45,
47,,,O3,45,
47,,,O4,45,
47,,,O5,45,
47,,,O6,45,
47,,,O7,45,
47,,,O8,45,
47,,,O9,45,
47,,,O10,45,
47,,,O11,45,
47,,,O12,45,
47,,,O13,45,
47,,,O14,45,
47,,,O15,45,
47,,,O16,45,
47,,,O17,45,
47,,,O18,45,
47,,,O19,45,
47,,,O20,45,
47,,,O21,45,
47,,,O22,45,
47,,,O23,45,
47,,,O24,45,
47,,,P1,45,
47,,,P2,45,
47,,,P3,45,
47,,,P4,45,
47,,,P5,45,
47,,,P6,45,
47,,,P7,45,
47,,,P8,45,
47,,,P9,45,
47,,,P10,45,
47,,,P11,45,
47,,,P12,45,
47,,,P13,45,
47,,,P14,45,
47,,,P15,45,
47,,,P16,45,
47,,,P17,45,
47,,,P18,45,
47,,,P19,45,
47,,,P20,45,
47,,,P21,45,
47,,,P22,45,
47,,,P23,45,
47,,,P24,45,
48,,,A1,0,
49,,,A1,45,
49,,,A2,45,
49,,,A3,45,
49,,,A4,45,
49,,,A5,45,
49,,,A6,45,
49,,,A7,45,
49,,,A8,45,
49,,,A9,45,
49,,,A10,45,
49,,,A11,45,
49,,,A12,45,
49,,,A13,45,
49,,,A14,45,
49,,,A15,45,
49,,,A16,45,
49,,,A17,45,
49,,,A18,45,
49,,,A19,45,
49,,,A20,45,
49,,,A21,45,
49,,,A22,45,
49,,,A23,45,
49,,,A24,45,
49,,,B1,45,
49,,,B2,45,
49,,,B3,45,
49,,,B4,45,
49,,,B5,45,
49,,,B6,45,
49,,,B7,45,
49,,,B8,45,
49,,,B9,45,
49,,,B10,45,
49,,,B11,45,
49,,,B12,45,
49,,,B13,45,
49,,,B14,45,
49,,,B15,45,
49,,,B16,45,
49,,,B17,45,
49,,,B18,45,
49,,,B19,45,
49,,,B20,45,
49,,,B21,45,
49,,,B22,45,
49,,,B23,45,
49,,,B24,45,
49,,,C1,45,
49,,,C2,45,
49,,,C3,45,
49,,,C4,45,
49,,,C5,45,
49,,,C6,45,
49,,,C7,45,
49,,,C8,45,
49,,,C9,45,
49,,,C10,45,
49,,,C11,45,
49,,,C12,45,
49,,,C13,45,
49,,,C14,45,
49,,,C15,45,
49,,,C16,45,
49,,,C17,45,
49,,,C18,45,
49,,,C19,45,
49,,,C20,45,
49,,,C21,45,
49,,,C22,45,
49,,,C23,45,
49,,,C24,45,
49,,,D1,45,
49,,,D2,45,
49,,,D3,45,
49,,,D4,45,
49,,,D5,45,
49,,,D6,45,
49,,,D7,45,
49,,,D8,45,
49,,,D9,45,
49,,,D10,45,
49,,,D11,45,
49,,,D12,45,
49,,,D13,45,
49,,,D14,45,
49,,,D15,45,
49,,,D16,45,
49,,,D17,45,
49,,,D18,45,
49,,,D19,45,
49,,,D20,45,
49,,,D21,45,
49,,,D22,45,
49,,,D23,45,
49,,,D24,45,
49,,,E1,45,
49,,,E2,45,
49,,,E3,45,
49,,,E4,45,
49,,,E5,45,
49,,,E6,45,
49,,,E7,45,
49,,,E8,45,
49,,,E9,45,
49,,,E10,45,
49,,,E11,45,
49,,,E12,45,
49,,,E13,45,
49,,,E14,45,
49,,,E15,45,
49,,,E16,45,
49,,,E17,45,
49,,,E18,45,
49,,,E19,45,
49,,,E20,45,
49,,,E21,45,
49,,,E22,45,
49,,,E23,45,
49,,,E24,45,
49,,,F1,45,
49,,,F2,45,
49,,,F3,45,
49,,,F4,45,
49,,,F5,45,
49,,,F6,45,
49,,,F7,45,
49,,,F8,45,
49,,,F9,45,
49,,,F10,45,
49,,,F11,45,
49,,,F12,45,
49,,,F13,45,
49,,,F14,45,
49,,,F15,45,
49,,,F16,45,
49,,,F17,45,
49,,,F18,45,
49,,,F19,45,
49,,,F20,45,
49,,,F21,45,
49,,,F22,45,
49,,,F23,45,
49,,,F24,45,
49,,,G1,45,
49,,,G2,45,
49,,,G3,45,
49,,,G4,45,
49,,,G5,45,
49,,,G6,45,
49,,,G7,45,
49,,,G8,45,
49,,,G9,45,
49,,,G10,45,
49,,,G11,45,
49,,,G12,45,
49,,,G13,45,
49,,,G14,45,
49,,,G15,45,
49,,,G16,45,
49,,,G17,45,
49,,,G18,45,
49,,,G19,45,
49,,,G20,45,
49,,,G21,45,
49,,,G22,45,
49,,,G23,45,
49,,,G24,45,
49,,,H1,45,
49,,,H2,45,
49,,,H3,45,
49,,,H4,45,
49,,,H5,45,
49,,,H6,45,
49,,,H7,45,
49,,,H8,45,
49,,,H9,45,
49,,,H10,45,
49,,,H11,45,
49,,,H12,45,
49,,,H13,45,
49,,,H14,45,
49,,,H15,45,
49,,,H16,45,
49,,,H17,45,
49,,,H18,45,
49,,,H19,45,
49,,,H20,45,
49,,,H21,45,
49,,,H22,45,
49,,,H23,45,
49,,,H24,45,
49,,,I1,45,
49,,,I2,45,
49,,,I3,45,
49,,,I4,45,
49,,,I5,45,
49,,,I6,45,
49,,,I7,45,
49,,,I8,45,
49,,,I9,45,
49,,,I10,45,
49,,,I11,45,
49,,,I12,45,
49,,,I13,45,
49,,,I14,45,
49,,,I15,45,
49,,,I16,45,
49,,,I17,45,
49,,,I18,45,
49,,,I19,45,
49,,,I20,45,
49,,,I21,45,
49,,,I22,45,
49,,,I23,45,
49,,,I24,45,
49,,,J1,45,
49,,,J2,45,
49,,,J3,45,
49,,,J4,45,
49,,,J5,45,
49,,,J6,45,
49,,,J7,45,
49,,,J8,45,
49,,,J9,45,
49,,,J10,45,
49,,,J11,45,
49,,,J12,45,
49,,,J13,45,
49,,,J14,45,
49,,,J15,45,
49,,,J16,45,
49,,,J17,45,
49,,,J18,45,
49,,,J19,45,
49,,,J20,45,
49,,,J21,45,
49,,,J22,45,
49,,,J23,45,
49,,,J24,45,
49,,,K1,45,
49,,,K2,45,
49,,,K3,45,
49,,,K4,45,
49,,,K5,45,
49,,,K6,45,
49,,,K7,45,
49,,,K8,45,
49,,,K9,45,
49,,,K10,45,
49,,,K11,45,
49,,,K12,45,
49,,,K13,45,
49,,,K14,45,
49,,,K15,45,
49,,,K16,45,
49,,,K17,45,
49,,,K18,45,
49,,,K19,45,
49,,,K20,45,
49,,,K21,45,
49,,,K22,45,
49,,,K23,45,
49,,,K24,45,
49,,,L1,45,
49,,,L2,45,
49,,,L3,45,
49,,,L4,45,
49,,,L5,45,
49,,,L6,45,
49,,,L7,45,
49,,,L8,45,
49,,,L9,45,
49,,,L10,45,
49,,,L11,45,
49,,,L12,45,
49,,,L13,45,
49,,,L14,45,
49,,,L15,45,
49,,,L16,45,
49,,,L17,45,
49,,,L18,45,
49,,,L19,45,
49,,,L20,45,
49,,,L21,45,
49,,,L22,45,
49,,,L23,45,
49,,,L24,45,
49,,,M1,45,
49,,,M2,45,
49,,,M3,45,
49,,,M4,45,
49,,,M5,45,
49,,,M6,45,
49,,,M7,45,
49,,,M8,45,
49,,,M9,45,
49,,,M10,45,
49,,,M11,45,
49,,,M12,45,
49,,,M13,45,
49,,,M14,45,
49,,,M15,45,
49,,,M16,45,
49,,,M17,45,
49,,,M18,45,
49,,,M19,45,
49,,,M20,45,
49,,,M21,45,
49,,,M22,45,
49,,,M23,45,
49,,,M24,45,
49,,,N1,45,
49,,,N2,45,
49,,,N3,45,
49,,,N4,45,
49,,,N5,45,
49,,,N6,45,
49,,,N7,45,
49,,,N8,45,
49,,,N9,45,
49,,,N10,45,
49,,,N11,45,
49,,,N12,45,
49,,,N13,45,
49,,,N14,45,
49,,,N15,45,
49,,,N16,45,
49,,,N17,45,
49,,,N18,45,
49,,,N19,45,
49,,,N20,45,
49,,,N21,45,
49,,,N22,45,
49,,,N23,45,
49,,,N24,45,
49,,,O1,45,
49,,,O2,45,
49,,,O3,45,
49,,,O4,45,
49,,,O5,45,
49,,,O6,45,
49,,,O7,45,
49,,,O8,45,
49,,,O9,45,
49,,,O10,45,
49,,,O11,45,
49,,,O12,45,
49,,,O13,45,
49,,,O14,45,
49,,,O15,45,
49,,,O16,45,
49,,,O17,45,
49,,,O18,45,
49,,,O19,45,
49,,,O20,45,
49,,,O21,45,
49,,,O22,45,
49,,,O23,45,
49,,,O24,45,
49,,,P1,45,
49,,,P2,45,
49,,,P3,45,
49,,,P4,45,
49,,,P5,45,
49,,,P6,45,
49,,,P7,45,
49,,,P8,45,
49,,,P9,45,
49,,,P10,45,
49,,,P11,45,
49,,,P12,45,
49,,,P13,45,
49,,,P14,45,
49,,,P15,45,
49,,,P16,45,
49,,,P17,45,
49,,,P18,45,
49,,,P19,45,
49,,,P20,45,
49,,,P21,45,
49,,,P22,45,
49,,,P23,45,
49,,,P24,45,
50,,,A1,0,
51,,,A1,45,
51,,,A2,45,
51,,,A3,45,
51,,,A4,45,
51,,,A5,45,
51,,,A6,45,
51,,,A7,45,
51,,,A8,45,
51,,,A9,45,
51,,,A10,45,
51,,,A11,45,
51,,,A12,45,
51,,,A13,45,
51,,,A14,45,
51,,,A15,45,
51,,,A16,45,
51,,,A17,45,
51,,,A18,45,
51,,,A19,45,
51,,,A20,45,
51,,,A21,45,
51,,,A22,45,
51,,,A23,45,
51,,,A24,45,
51,,,B1,45,
51,,,B2,45,
51,,,B3,45,
51,,,B4,45,
51,,,B5,45,
51,,,B6,45,
51,,,B7,45,
51,,,B8,45,
51,,,B9,45,
51,,,B10,45,
51,,,B11,45,
51,,,B12,45,
51,,,B13,45,
51,,,B14,45,
51,,,B15,45,
51,,,B16,45,
51,,,B17,45,
51,,,B18,45,
51,,,B19,45,
51,,,B20,45,
51,,,B21,45,
51,,,B22,45,
51,,,B23,45,
51,,,B24,45,
51,,,C1,45,
51,,,C2,45,
51,,,C3,45,
51,,,C4,45,
51,,,C5,45,
51,,,C6,45,
51,,,C7,45,
51,,,C8,45,
51,,,C9,45,
51,,,C10,45,
51,,,C11,45,
51,,,C12,45,
51,,,C13,45,
51,,,C14,45,
51,,,C15,45,
51,,,C16,45,
51,,,C17,45,
51,,,C18,45,
51,,,C19,45,
51,,,C20,45,
51,,,C21,45,
51,,,C22,45,
51,,,C23,45,
51,,,C24,45,
51,,,D1,45,
51,,,D2,45,
51,,,D3,45,
51,,,D4,45,
51,,,D5,45,
51,,,D6,45,
51,,,D7,45,
51,,,D8,45,
51,,,D9,45,
51,,,D10,45,
51,,,D11,45,
51,,,D12,45,
51,,,D13,45,
51,,,D14,45,
51,,,D15,45,
51,,,D16,45,
51,,,D17,45,
51,,,D18,45,
51,,,D19,45,
51,,,D20,45,
51,,,D21,45,
51,,,D22,45,
51,,,D23,45,
51,,,D24,45,
51,,,E1,45,
51,,,E2,45,
51,,,E3,45,
51,,,E4,45,
51,,,E5,45,
51,,,E6,45,
51,,,E7,45,
51,,,E8,45,
51,,,E9,45,
51,,,E10,45,
51,,,E11,45,
51,,,E12,45,
51,,,E13,45,
51,,,E14,45,
51,,,E15,45,
51,,,E16,45,
51,,,E17,45,
51,,,E18,45,
51,,,E19,45,
51,,,E20,45,
51,,,E21,45,
51,,,E22,45,
51,,,E23,45,
51,,,E24,45,
51,,,F1,45,
51,,,F2,45,
51,,,F3,45,
51,,,F4,45,
51,,,F5,45,
51,,,F6,45,
51,,,F7,45,
51,,,F8,45,
51,,,F9,45,
51,,,F10,45,
51,,,F11,45,
51,,,F12,45,
51,,,F13,45,
51,,,F14,45,
51,,,F15,45,
51,,,F16,45,
51,,,F17,45,
51,,,F18,45,
51,,,F19,45,
51,,,F20,45,
51,,,F21,45,
51,,,F22,45,
51,,,F23,45,
51,,,F24,45,
51,,,G1,45,
51,,,G2,45,
51,,,G3,45,
51,,,G4,45,
51,,,G5,45,
51,,,G6,45,
51,,,G7,45,
51,,,G8,45,
51,,,G9,45,
51,,,G10,45,
51,,,G11,45,
51,,,G12,45,
51,,,G13,45,
51,,,G14,45,
51,,,G15,45,
51,,,G16,45,
51,,,G17,45,
51,,,G18,45,
51,,,G19,45,
51,,,G20,45,
51,,,G21,45,
51,,,G22,45,
51,,,G23,45,
51,,,G24,45,
51,,,H1,45,
51,,,H2,45,
51,,,H3,45,
51,,,H4,45,
51,,,H5,45,
51,,,H6,45,
51,,,H7,45,
51,,,H8,45,
51,,,H9,45,
51,,,H10,45,
51,,,H11,45,
51,,,H12,45,
51,,,H13,45,
51,,,H14,45,
51,,,H15,45,
51,,,H16,45,
51,,,H17,45,
51,,,H18,45,
51,,,H19,45,
51,,,H20,45,
51,,,H21,45,
51,,,H22,45,
51,,,H23,45,
51,,,H24,45,
51,,,I1,45,
51,,,I2,45,
51,,,I3,45,
51,,,I4,45,
51,,,I5,45,
51,,,I6,45,
51,,,I7,45,
51,,,I8,45,
51,,,I9,45,
51,,,I10,45,
51,,,I11,45,
51,,,I12,45,
51,,,I13,45,
51,,,I14,45,
51,,,I15,45,
51,,,I16,45,
51,,,I17,45,
51,,,I18,45,
51,,,I19,45,
51,,,I20,45,
51,,,I21,45,
51,,,I22,45,
51,,,I23,45,
51,,,I24,45,
51,,,J1,45,
51,,,J2,45,
51,,,J3,45,
51,,,J4,45,
51,,,J5,45,
51,,,J6,45,
51,,,J7,45,
51,,,J8,45,
51,,,J9,45,
51,,,J10,45,
51,,,J11,45,
51,,,J12,45,
51,,,J13,45,
51,,,J14,45,
51,,,J15,45,
51,,,J16,45,
51,,,J17,45,
51,,,J18,45,
51,,,J19,45,
51,,,J20,45,
51,,,J21,45,
51,,,J22,45,
51,,,J23,45,
51,,,J24,45,
51,,,K1,45,
51,,,K2,45,
51,,,K3,45,
51,,,K4,45,
51,,,K5,45,
51,,,K6,45,
51,,,K7,45,
51,,,K8,45,
51,,,K9,45,
51,,,K10,45,
51,,,K11,45,
51,,,K12,45,
51,,,K13,45,
51,,,K14,45,
51,,,K15,45,
51,,,K16,45,
51,,,K17,45,
51,,,K18,45,
51,,,K19,45,
51,,,K20,45,
51,,,K21,45,
51,,,K22,45,
51,,,K23,45,
51,,,K24,45,
51,,,L1,45,
51,,,L2,45,
51,,,L3,45,
51,,,L4,45,
51,,,L5,45,
51,,,L6,45,
51,,,L7,45,
51,,,L8,45,
51,,,L9,45,
51,,,L10,45,
51,,,L11,45,
51,,,L12,45,
51,,,L13,45,
51,,,L14,45,
51,,,L15,45,
51,,,L16,45,
51,,,L17,45,
51,,,L18,45,
51,,,L19,45,
51,,,L20,45,
51,,,L21,45,
51,,,L22,45,
51,,,L23,45,
51,,,L24,45,
51,,,M1,45,
51,,,M2,45,
51,,,M3,45,
51,,,M4,45,
51,,,M5,45,
51,,,M6,45,
51,,,M7,45,
51,,,M8,45,
51,,,M9,45,
51,,,M10,45,
51,,,M11,45,
51,,,M12,45,
51,,,M13,45,
51,,,M14,45,
51,,,M15,45,
51,,,M16,45,
51,,,M17,45,
51,,,M18,45,
51,,,M19,45,
51,,,M20,45,
51,,,M21,45,
51,,,M22,45,
51,,,M23,45,
51,,,M24,45,
51,,,N1,45,
51,,,N2,45,
51,,,N3,45,
51,,,N4,45,
51,,,N5,45,
51,,,N6,45,
51,,,N7,45,
51,,,N8,45,
51,,,N9,45,
51,,,N10,45,
51,,,N11,45,
51,,,N12,45,
51,,,N13,45,
51,,,N14,45,
51,,,N15,45,
51,,,N16,45,
51,,,N17,45,
51,,,N18,45,
51,,,N19,45,
51,,,N20,45,
51,,,N21,45,
51,,,N22,45,
51,,,N23,45,
51,,,N24,45,
51,,,O1,45,
51,,,O2,45,
51,,,O3,45,
51,,,O4,45,
51,,,O5,45,
51,,,O6,45,
51,,,O7,45,
51,,,O8,45,
51,,,O9,45,
51,,,O10,45,
51,,,O11,45,
51,,,O12,45,
51,,,O13,45,
51,,,O14,45,
51,,,O15,45,
51,,,O16,45,
51,,,O17,45,
51,,,O18,45,
51,,,O19,45,
51,,,O20,45,
51,,,O21,45,
51,,,O22,45,
51,,,O23,45,
51,,,O24,45,
51,,,P1,45,
51,,,P2,45,
51,,,P3,45,
51,,,P4,45,
51,,,P5,45,
51,,,P6,45,
51,,,P7,45,
51,,,P8,45,
51,,,P9,45,
51,,,P10,45,
51,,,P11,45,
51,,,P12,45,
51,,,P13,45,
51,,,P14,45,
51,,,P15,45,
51,,,P16,45,
51,,,P17,45,
51,,,P18,45,
51,,,P19,45,
51,,,P20,45,
51,,,P21,45,
51,,,P22,45,
51,,,P23,45,
51,,,P24,45,
52,,,A1,0,
53,,,A1,45,
53,,,A2,45,
53,,,A3,45,
53,,,A4,45,
53,,,A5,45,
53,,,A6,45,
53,,,A7,45,
53,,,A8,45,
53,,,A9,45,
53,,,A10,45,
53,,,A11,45,
53,,,A12,45,
53,,,A13,45,
53,,,A14,45,
53,,,A15,45,
53,,,A16,45,
53,,,A17,45,
53,,,A18,45,
53,,,A19,45,
53,,,A20,45,
53,,,A21,45,
53,,,A22,45,
53,,,A23,45,
53,,,A24,45,
53,,,B1,45,
53,,,B2,45,
53,,,B3,45,
53,,,B4,45,
53,,,B5,45,
53,,,B6,45,
53,,,B7,45,
53,,,B8,45,
53,,,B9,45,
53,,,B10,45,
53,,,B11,45,
53,,,B12,45,
53,,,B13,45,
53,,,B14,45,
53,,,B15,45,
53,,,B16,45,
53,,,B17,45,
53,,,B18,45,
53,,,B19,45,
53,,,B20,45,
53,,,B21,45,
53,,,B22,45,
53,,,B23,45,
53,,,B24,45,
53,,,C1,45,
53,,,C2,45,
53,,,C3,45,
53,,,C4,45,
53,,,C5,45,
53,,,C6,45,
53,,,C7,45,
53,,,C8,45,
53,,,C9,45,
53,,,C10,45,
53,,,C11,45,
53,,,C12,45,
53,,,C13,45,
53,,,C14,45,
53,,,C15,45,
53,,,C16,45,
53,,,C17,45,
53,,,C18,45,
53,,,C19,45,
53,,,C20,45,
53,,,C21,45,
53,,,C22,45,
53,,,C23,45,
53,,,C24,45,
53,,,D1,45,
53,,,D2,45,
53,,,D3,45,
53,,,D4,45,
53,,,D5,45,
53,,,D6,45,
53,,,D7,45,
53,,,D8,45,
53,,,D9,45,
53,,,D10,45,
53,,,D11,45,
53,,,D12,45,
53,,,D13,45,
53,,,D14,45,
53,,,D15,45,
53,,,D16,45,
53,,,D17,45,
53,,,D18,45,
53,,,D19,45,
53,,,D20,45,
53,,,D21,45,
53,,,D22,45,
53,,,D23,45,
53,,,D24,45,
53,,,E1,45,
53,,,E2,45,
53,,,E3,45,
53,,,E4,45,
53,,,E5,45,
53,,,E6,45,
53,,,E7,45,
53,,,E8,45,
53,,,E9,45,
53,,,E10,45,
53,,,E11,45,
53,,,E12,45,
53,,,E13,45,
53,,,E14,45,
53,,,E15,45,
53,,,E16,45,
53,,,E17,45,
53,,,E18,45,
53,,,E19,45,
53,,,E20,45,
53,,,E21,45,
53,,,E22,45,
53,,,E23,45,
53,,,E24,45,
53,,,F1,45,
53,,,F2,45,
53,,,F3,45,
53,,,F4,45,
53,,,F5,45,
53,,,F6,45,
53,,,F7,45,
53,,,F8,45,
53,,,F9,45,
53,,,F10,45,
53,,,F11,45,
53,,,F12,45,
53,,,F13,45,
53,,,F14,45,
53,,,F15,45,
53,,,F16,45,
53,,,F17,45,
53,,,F18,45,
53,,,F19,45,
53,,,F20,45,
53,,,F21,45,
53,,,F22,45,
53,,,F23,45,
53,,,F24,45,
53,,,G1,45,
53,,,G2,45,
53,,,G3,45,
53,,,G4,45,
53,,,G5,45,
53,,,G6,45,
53,,,G7,45,
53,,,G8,45,
53,,,G9,45,
53,,,G10,45,
53,,,G11,45,
53,,,G12,45,
53,,,G13,45,
53,,,G14,45,
53,,,G15,45,
53,,,G16,45,
53,,,G17,45,
53,,,G18,45,
53,,,G19,45,
53,,,G20,45,
53,,,G21,45,
53,,,G22,45,
53,,,G23,45,
53,,,G24,45,
53,,,H1,45,
53,,,H2,45,
53,,,H3,45,
53,,,H4,45,
53,,,H5,45,
53,,,H6,45,
53,,,H7,45,
53,,,H8,45,
53,,,H9,45,
53,,,H10,45,
53,,,H11,45,
53,,,H12,45,
53,,,H13,45,
53,,,H14,45,
53,,,H15,45,
53,,,H16,45,
53,,,H17,45,
53,,,H18,45,
53,,,H19,45,
53,,,H20,45,
53,,,H21,45,
53,,,H22,45,
53,,,H23,45,
53,,,H24,45,
53,,,I1,45,
53,,,I2,45,
53,,,I3,45,
53,,,I4,45,
53,,,I5,45,
53,,,I6,45,
53,,,I7,45,
53,,,I8,45,
53,,,I9,45,
53,,,I10,45,
53,,,I11,45,
53,,,I12,45,
53,,,I13,45,
53,,,I14,45,
53,,,I15,45,
53,,,I16,45,
53,,,I17,45,
53,,,I18,45,
53,,,I19,45,
53,,,I20,45,
53,,,I21,45,
53,,,I22,45,
53,,,I23,45,
53,,,I24,45,
53,,,J1,45,
53,,,J2,45,
53,,,J3,45,
53,,,J4,45,
53,,,J5,45,
53,,,J6,45,
53,,,J7,45,
53,,,J8,45,
53,,,J9,45,
53,,,J10,45,
53,,,J11,45,
53,,,J12,45,
53,,,J13,45,
53,,,J14,45,
53,,,J15,45,
53,,,J16,45,
53,,,J17,45,
53,,,J18,45,
53,,,J19,45,
53,,,J20,45,
53,,,J21,45,
53,,,J22,45,
53,,,J23,45,
53,,,J24,45,
53,,,K1,45,
53,,,K2,45,
53,,,K3,45,
53,,,K4,45,
53,,,K5,45,
53,,,K6,45,
53,,,K7,45,
53,,,K8,45,
53,,,K9,45,
53,,,K10,45,
53,,,K11,45,
53,,,K12,45,
53,,,K13,45,
53,,,K14,45,
53,,,K15,45,
53,,,K16,45,
53,,,K17,45,
53,,,K18,45,
53,,,K19,45,
53,,,K20,45,
53,,,K21,45,
53,,,K22,45,
53,,,K23,45,
53,,,K24,45,
53,,,L1,45,
53,,,L2,45,
53,,,L3,45,
53,,,L4,45,
53,,,L5,45,
53,,,L6,45,
53,,,L7,45,
53,,,L8,45,
53,,,L9,45,
53,,,L10,45,
53,,,L11,45,
53,,,L12,45,
53,,,L13,45,
53,,,L14,45,
53,,,L15,45,
53,,,L16,45,
53,,,L17,45,
53,,,L18,45,
53,,,L19,45,
53,,,L20,45,
53,,,L21,45,
53,,,L22,45,
53,,,L23,45,
53,,,L24,45,
53,,,M1,45,
53,,,M2,45,
53,,,M3,45,
53,,,M4,45,
53,,,M5,45,
53,,,M6,45,
53,,,M7,45,
53,,,M8,45,
53,,,M9,45,
53,,,M10,45,
53,,,M11,45,
53,,,M12,45,
53,,,M13,45,
53,,,M14,45,
53,,,M15,45,
53,,,M16,45,
53,,,M17,45,
53,,,M18,45,
53,,,M19,45,
53,,,M20,45,
53,,,M21,45,
53,,,M22,45,
53,,,M23,45,
53,,,M24,45,
53,,,N1,45,
53,,,N2,45,
53,,,N3,45,
53,,,N4,45,
53,,,N5,45,
53,,,N6,45,
53,,,N7,45,
53,,,N8,45,
53,,,N9,45,
53,,,N10,45,
53,,,N11,45,
53,,,N12,45,
53,,,N13,45,
53,,,N14,45,
53,,,N15,45,
53,,,N16,45,
53,,,N17,45,
53,,,N18,45,
53,,,N19,45,
53,,,N20,45,
53,,,N21,45,
53,,,N22,45,
53,,,N23,45,
53,,,N24,45,
53,,,O1,45,
53,,,O2,45,
53,,,O3,45,
53,,,O4,45,
53,,,O5,45,
53,,,O6,45,
53,,,O7,45,
53,,,O8,45,
53,,,O9,45,
53,,,O10,45,
53,,,O11,45,
53,,,O12,45,
53,,,O13,45,
53,,,O14,45,
53,,,O15,45,
53,,,O16,45,
53,,,O17,45,
53,,,O18,45,
53,,,O19,45,
53,,,O20,45,
53,,,O21,45,
53,,,O22,45,
53,,,O23,45,
53,,,O24,45,
53,,,P1,45,
53,,,P2,45,
53,,,P3,45,
53,,,P4,45,
53,,,P5,45,
53,,,P6,45,
53,,,P7,45,
53,,,P8,45,
53,,,P9,45,
53,,,P10,45,
53,,,P11,45,
53,,,P12,45,
53,,,P13,45,
53,,,P14,45,
53,,,P15,45,
53,,,P16,45,
53,,,P17,45,
53,,,P18,45,
53,,,P19,45,
53,,,P20,45,
53,,,P21,45,
53,,,P22,45,
53,,,P23,45,
53,,,P24,45,
54,,,A1,0,
55,,,A1,45,
55,,,A2,45,
55,,,A3,45,
55,,,A4,45,
55,,,A5,45,
55,,,A6,45,
55,,,A7,45,
55,,,A8,45,
55,,,A9,45,
55,,,A10,45,
55,,,A11,45,
55,,,A12,45,
55,,,A13,45,
55,,,A14,45,
55,,,A15,45,
55,,,A16,45,
55,,,A17,45,
55,,,A18,45,
55,,,A19,45,
55,,,A20,45,
55,,,A21,45,
55,,,A22,45,
55,,,A23,45,
55,,,A24,45,
55,,,B1,45,
55,,,B2,45,
55,,,B3,45,
55,,,B4,45,
55,,,B5,45,
55,,,B6,45,
55,,,B7,45,
55,,,B8,45,
55,,,B9,45,
55,,,B10,45,
55,,,B11,45,
55,,,B12,45,
55,,,B13,45,
55,,,B14,45,
55,,,B15,45,
55,,,B16,45,
55,,,B17,45,
55,,,B18,45,
55,,,B19,45,
55,,,B20,45,
55,,,B21,45,
55,,,B22,45,
55,,,B23,45,
55,,,B24,45,
55,,,C1,45,
55,,,C2,45,
55,,,C3,45,
55,,,C4,45,
55,,,C5,45,
55,,,C6,45,
55,,,C7,45,
55,,,C8,45,
55,,,C9,45,
55,,,C10,45,
55,,,C11,45,
55,,,C12,45,
55,,,C13,45,
55,,,C14,45,
55,,,C15,45,
55,,,C16,45,
55,,,C17,45,
55,,,C18,45,
55,,,C19,45,
55,,,C20,45,
55,,,C21,45,
55,,,C22,45,
55,,,C23,45,
55,,,C24,45,
55,,,D1,45,
55,,,D2,45,
55,,,D3,45,
55,,,D4,45,
55,,,D5,45,
55,,,D6,45,
55,,,D7,45,
55,,,D8,45,
55,,,D9,45,
55,,,D10,45,
55,,,D11,45,
55,,,D12,45,
55,,,D13,45,
55,,,D14,45,
55,,,D15,45,
55,,,D16,45,
55,,,D17,45,
55,,,D18,45,
55,,,D19,45,
55,,,D20,45,
55,,,D21,45,
55,,,D22,45,
55,,,D23,45,
55,,,D24,45,
55,,,E1,45,
55,,,E2,45,
55,,,E3,45,
55,,,E4,45,
55,,,E5,45,
55,,,E6,45,
55,,,E7,45,
55,,,E8,45,
55,,,E9,45,
55,,,E10,45,
55,,,E11,45,
55,,,E12,45,
55,,,E13,45,
55,,,E14,45,
55,,,E15,45,
55,,,E16,45,
55,,,E17,45,
55,,,E18,45,
55,,,E19,45,
55,,,E20,45,
55,,,E21,45,
55,,,E22,45,
55,,,E23,45,
55,,,E24,45,
55,,,F1,45,
55,,,F2,45,
55,,,F3,45,
55,,,F4,45,
55,,,F5,45,
55,,,F6,45,
55,,,F7,45,
55,,,F8,45,
55,,,F9,45,
55,,,F10,45,
55,,,F11,45,
55,,,F12,45,
55,,,F13,45,
55,,,F14,45,
55,,,F15,45,
55,,,F16,45,
55,,,F17,45,
55,,,F18,45,
55,,,F19,45,
55,,,F20,45,
55,,,F21,45,
55,,,F22,45,
55,,,F23,45,
55,,,F24,45,
55,,,G1,45,
55,,,G2,45,
55,,,G3,45,
55,,,G4,45,
55,,,G5,45,
55,,,G6,45,
55,,,G7,45,
55,,,G8,45,
55,,,G9,45,
55,,,G10,45,
55,,,G11,45,
55,,,G12,45,
55,,,G13,45,
55,,,G14,45,
55,,,G15,45,
55,,,G16,45,
55,,,G17,45,
55,,,G18,45,
55,,,G19,45,
55,,,G20,45,
55,,,G21,45,
55,,,G22,45,
55,,,G23,45,
55,,,G24,45,
55,,,H1,45,
55,,,H2,45,
55,,,H3,45,
55,,,H4,45,
55,,,H5,45,
55,,,H6,45,
55,,,H7,45,
55,,,H8,45,
55,,,H9,45,
55,,,H10,45,
55,,,H11,45,
55,,,H12,45,
55,,,H13,45,
55,,,H14,45,
55,,,H15,45,
55,,,H16,45,
55,,,H17,45,
55,,,H18,45,
55,,,H19,45,
55,,,H20,45,
55,,,H21,45,
55,,,H22,45,
55,,,H23,45,
55,,,H24,45,
55,,,I1,45,
55,,,I2,45,
55,,,I3,45,
55,,,I4,45,
55,,,I5,45,
55,,,I6,45,
55,,,I7,45,
55,,,I8,45,
55,,,I9,45,
55,,,I10,45,
55,,,I11,45,
55,,,I12,45,
55,,,I13,45,
55,,,I14,45,
55,,,I15,45,
55,,,I16,45,
55,,,I17,45,
55,,,I18,45,
55,,,I19,45,
55,,,I20,45,
55,,,I21,45,
55,,,I22,45,
55,,,I23,45,
55,,,I24,45,
55,,,J1,45,
55,,,J2,45,
55,,,J3,45,
55,,,J4,45,
55,,,J5,45,
55,,,J6,45,
55,,,J7,45,
55,,,J8,45,
55,,,J9,45,
55,,,J10,45,
55,,,J11,45,
55,,,J12,45,
55,,,J13,45,
55,,,J14,45,
55,,,J15,45,
55,,,J16,45,
55,,,J17,45,
55,,,J18,45,
55,,,J19,45,
55,,,J20,45,
55,,,J21,45,
55,,,J22,45,
55,,,J23,45,
55,,,J24,45,
55,,,K1,45,
55,,,K2,45,
55,,,K3,45,
55,,,K4,45,
55,,,K5,45,
55,,,K6,45,
55,,,K7,45,
55,,,K8,45,
55,,,K9,45,
55,,,K10,45,
55,,,K11,45,
55,,,K12,45,
55,,,K13,45,
55,,,K14,45,
55,,,K15,45,
55,,,K16,45,
55,,,K17,45,
55,,,K18,45,
55,,,K19,45,
55,,,K20,45,
55,,,K21,45,
55,,,K22,45,
55,,,K23,45,
55,,,K24,45,
55,,,L1,45,
55,,,L2,45,
55,,,L3,45,
55,,,L4,45,
55,,,L5,45,
55,,,L6,45,
55,,,L7,45,
55,,,L8,45,
55,,,L9,45,
55,,,L10,45,
55,,,L11,45,
55,,,L12,45,
55,,,L13,45,
55,,,L14,45,
55,,,L15,45,
55,,,L16,45,
55,,,L17,45,
55,,,L18,45,
55,,,L19,45,
55,,,L20,45,
55,,,L21,45,
55,,,L22,45,
55,,,L23,45,
55,,,L24,45,
55,,,M1,45,
55,,,M2,45,
55,,,M3,45,
55,,,M4,45,
55,,,M5,45,
55,,,M6,45,
55,,,M7,45,
55,,,M8,45,
55,,,M9,45,
55,,,M10,45,
55,,,M11,45,
55,,,M12,45,
55,,,M13,45,
55,,,M14,45,
55,,,M15,45,
55,,,M16,45,
55,,,M17,45,
55,,,M18,45,
55,,,M19,45,
55,,,M20,45,
55,,,M21,45,
55,,,M22,45,
55,,,M23,45,
55,,,M24,45,
55,,,N1,45,
55,,,N2,45,
55,,,N3,45,
55,,,N4,45,
55,,,N5,45,
55,,,N6,45,
55,,,N7,45,
55,,,N8,45,
55,,,N9,45,
55,,,N10,45,
55,,,N11,45,
55,,,N12,45,
55,,,N13,45,
55,,,N14,45,
55,,,N15,45,
55,,,N16,45,
55,,,N17,45,
55,,,N18,45,
55,,,N19,45,
55,,,N20,45,
55,,,N21,45,
55,,,N22,45,
55,,,N23,45,
55,,,N24,45,
55,,,O1,45,
55,,,O2,45,
55,,,O3,45,
55,,,O4,45,
55,,,O5,45,
55,,,O6,45,
55,,,O7,45,
55,,,O8,45,
55,,,O9,45,
55,,,O10,45,
55,,,O11,45,
55,,,O12,45,
55,,,O13,45,
55,,,O14,45,
55,,,O15,45,
55,,,O16,45,
55,,,O17,45,
55,,,O18,45,
55,,,O19,45,
55,,,O20,45,
55,,,O21,45,
55,,,O22,45,
55,,,O23,45,
55,,,O24,45,
55,,,P1,45,
55,,,P2,45,
55,,,P3,45,
55,,,P4,45,
55,,,P5,45,
55,,,P6,45,
55,,,P7,45,
55,,,P8,45,
55,,,P9,45,
55,,,P10,45,
55,,,P11,45,
55,,,P12,45,
55,,,P13,45,
55,,,P14,45,
55,,,P15,45,
55,,,P16,45,
55,,,P17,45,
55,,,P18,45,
55,,,P19,45,
55,,,P20,45,
55,,,P21,45,
55,,,P22,45,
55,,,P23,45,
55,,,P24,45,
56,,,A1,0,
57,,,A1,45,
57,,,A2,45,
57,,,A3,45,
57,,,A4,45,
57,,,A5,45,
57,,,A6,45,
57,,,A7,45,
57,,,A8,45,
57,,,A9,45,
57,,,A10,45,
57,,,A11,45,
57,,,A12,45,
57,,,A13,45,
57,,,A14,45,
57,,,A15,45,
57,,,A16,45,
57,,,A17,45,
57,,,A18,45,
57,,,A19,45,
57,,,A20,45,
57,,,A21,45,
57,,,A22,45,
57,,,A23,45,
57,,,A24,45,
57,,,B1,45,
57,,,B2,45,
57,,,B3,45,
57,,,B4,45,
57,,,B5,45,
57,,,B6,45,
57,,,B7,45,
57,,,B8,45,
57,,,B9,45,
57,,,B10,45,
57,,,B11,45,
57,,,B12,45,
57,,,B13,45,
57,,,B14,45,
57,,,B15,45,
57,,,B16,45,
57,,,B17,45,
57,,,B18,45,
57,,,B19,45,
57,,,B20,45,
57,,,B21,45,
57,,,B22,45,
57,,,B23,45,
57,,,B24,45,
57,,,C1,45,
57,,,C2,45,
57,,,C3,45,
57,,,C4,45,
57,,,C5,45,
57,,,C6,45,
57,,,C7,45,
57,,,C8,45,
57,,,C9,45,
57,,,C10,45,
57,,,C11,45,
57,,,C12,45,
57,,,C13,45,
57,,,C14,45,
57,,,C15,45,
57,,,C16,45,
57,,,C17,45,
57,,,C18,45,
57,,,C19,45,
57,,,C20,45,
57,,,C21,45,
57,,,C22,45,
57,,,C23,45,
57,,,C24,45,
57,,,D1,45,
57,,,D2,45,
57,,,D3,45,
57,,,D4,45,
57,,,D5,45,
57,,,D6,45,
57,,,D7,45,
57,,,D8,45,
57,,,D9,45,
57,,,D10,45,
57,,,D11,45,
57,,,D12,45,
57,,,D13,45,
57,,,D14,45,
57,,,D15,45,
57,,,D16,45,
57,,,D17,45,
57,,,D18,45,
57,,,D19,45,
57,,,D20,45,
57,,,D21,45,
57,,,D22,45,
57,,,D23,45,
57,,,D24,45,
57,,,E1,45,
57,,,E2,45,
57,,,E3,45,
57,,,E4,45,
57,,,E5,45,
57,,,E6,45,
57,,,E7,45,
57,,,E8,45,
57,,,E9,45,
57,,,E10,45,
57,,,E11,45,
57,,,E12,45,
57,,,E13,45,
57,,,E14,45,
57,,,E15,45,
57,,,E16,45,
57,,,E17,45,
57,,,E18,45,
57,,,E19,45,
57,,,E20,45,
57,,,E21,45,
57,,,E22,45,
57,,,E23,45,
57,,,E24,45,
57,,,F1,45,
57,,,F2,45,
57,,,F3,45,
57,,,F4,45,
57,,,F5,45,
57,,,F6,45,
57,,,F7,45,
57,,,F8,45,
57,,,F9,45,
57,,,F10,45,
57,,,F11,45,
57,,,F12,45,
57,,,F13,45,
57,,,F14,45,
57,,,F15,45,
57,,,F16,45,
57,,,F17,45,
57,,,F18,45,
57,,,F19,45,
57,,,F20,45,
57,,,F21,45,
57,,,F22,45,
57,,,F23,45,
57,,,F24,45,
57,,,G1,45,
57,,,G2,45,
57,,,G3,45,
57,,,G4,45,
57,,,G5,45,
57,,,G6,45,
57,,,G7,45,
57,,,G8,45,
57,,,G9,45,
57,,,G10,45,
57,,,G11,45,
57,,,G12,45,
57,,,G13,45,
57,,,G14,45,
57,,,G15,45,
57,,,G16,45,
57,,,G17,45,
57,,,G18,45,
57,,,G19,45,
57,,,G20,45,
57,,,G21,45,
57,,,G22,45,
57,,,G23,45,
57,,,G24,45,
57,,,H1,45,
57,,,H2,45,
57,,,H3,45,
57,,,H4,45,
57,,,H5,45,
57,,,H6,45,
57,,,H7,45,
57,,,H8,45,
57,,,H9,45,
57,,,H10,45,
57,,,H11,45,
57,,,H12,45,
57,,,H13,45,
57,,,H14,45,
57,,,H15,45,
57,,,H16,45,
57,,,H17,45,
57,,,H18,45,
57,,,H19,45,
57,,,H20,45,
57,,,H21,45,
57,,,H22,45,
57,,,H23,45,
57,,,H24,45,
57,,,I1,45,
57,,,I2,45,
57,,,I3,45,
57,,,I4,45,
57,,,I5,45,
57,,,I6,45,
57,,,I7,45,
57,,,I8,45,
57,,,I9,45,
57,,,I10,45,
57,,,I11,45,
57,,,I12,45,
57,,,I13,45,
57,,,I14,45,
57,,,I15,45,
57,,,I16,45,
57,,,I17,45,
57,,,I18,45,
57,,,I19,45,
57,,,I20,45,
57,,,I21,45,
57,,,I22,45,
57,,,I23,45,
57,,,I24,45,
57,,,J1,45,
57,,,J2,45,
57,,,J3,45,
57,,,J4,45,
57,,,J5,45,
57,,,J6,45,
57,,,J7,45,
57,,,J8,45,
57,,,J9,45,
57,,,J10,45,
57,,,J11,45,
57,,,J12,45,
57,,,J13,45,
57,,,J14,45,
57,,,J15,45,
57,,,J16,45,
57,,,J17,45,
57,,,J18,45,
57,,,J19,45,
57,,,J20,45,
57,,,J21,45,
57,,,J22,45,
57,,,J23,45,
57,,,J24,45,
57,,,K1,45,
57,,,K2,45,
57,,,K3,45,
57,,,K4,45,
57,,,K5,45,
57,,,K6,45,
57,,,K7,45,
57,,,K8,45,
57,,,K9,45,
57,,,K10,45,
57,,,K11,45,
57,,,K12,45,
57,,,K13,45,
57,,,K14,45,
57,,,K15,45,
57,,,K16,45,
57,,,K17,45,
57,,,K18,45,
57,,,K19,45,
57,,,K20,45,
57,,,K21,45,
57,,,K22,45,
57,,,K23,45,
57,,,K24,45,
57,,,L1,45,
57,,,L2,45,
57,,,L3,45,
57,,,L4,45,
57,,,L5,45,
57,,,L6,45,
57,,,L7,45,
57,,,L8,45,
57,,,L9,45,
57,,,L10,45,
57,,,L11,45,
57,,,L12,45,
57,,,L13,45,
57,,,L14,45,
57,,,L15,45,
57,,,L16,45,
57,,,L17,45,
57,,,L18,45,
57,,,L19,45,
57,,,L20,45,
57,,,L21,45,
57,,,L22,45,
57,,,L23,45,
57,,,L24,45,
57,,,M1,45,
57,,,M2,45,
57,,,M3,45,
57,,,M4,45,
57,,,M5,45,
57,,,M6,45,
57,,,M7,45,
57,,,M8,45,
57,,,M9,45,
57,,,M10,45,
57,,,M11,45,
57,,,M12,45,
57,,,M13,45,
57,,,M14,45,
57,,,M15,45,
57,,,M16,45,
57,,,M17,45,
57,,,M18,45,
57,,,M19,45,
57,,,M20,45,
57,,,M21,45,
57,,,M22,45,
57,,,M23,45,
57,,,M24,45,
57,,,N1,45,
57,,,N2,45,
57,,,N3,45,
57,,,N4,45,
57,,,N5,45,
57,,,N6,45,
57,,,N7,45,
57,,,N8,45,
57,,,N9,45,
57,,,N10,45,
57,,,N11,45,
57,,,N12,45,
57,,,N13,45,
57,,,N14,45,
57,,,N15,45,
57,,,N16,45,
57,,,N17,45,
57,,,N18,45,
57,,,N19,45,
57,,,N20,45,
57,,,N21,45,
57,,,N22,45,
57,,,N23,45,
57,,,N24,45,
57,,,O1,45,
57,,,O2,45,
57,,,O3,45,
57,,,O4,45,
57,,,O5,45,
57,,,O6,45,
57,,,O7,45,
57,,,O8,45,
57,,,O9,45,
57,,,O10,45,
57,,,O11,45,
57,,,O12,45,
57,,,O13,45,
57,,,O14,45,
57,,,O15,45,
57,,,O16,45,
57,,,O17,45,
57,,,O18,45,
57,,,O19,45,
57,,,O20,45,
57,,,O21,45,
57,,,O22,45,
57,,,O23,45,
57,,,O24,45,
57,,,P1,45,
57,,,P2,45,
57,,,P3,45,
57,,,P4,45,
57,,,P5,45,
57,,,P6,45,
57,,,P7,45,
57,,,P8,45,
57,,,P9,45,
57,,,P10,45,
57,,,P11,45,
57,,,P12,45,
57,,,P13,45,
57,,,P14,45,
57,,,P15,45,
57,,,P16,45,
57,,,P17,45,
57,,,P18,45,
57,,,P19,45,
57,,,P20,45,
57,,,P21,45,
57,,,P22,45,
57,,,P23,45,
57,,,P24,45,
58,,,A1,0,
59,,,A1,45,
59,,,A2,45,
59,,,A3,45,
59,,,A4,45,
59,,,A5,45,
59,,,A6,45,
59,,,A7,45,
59,,,A8,45,
59,,,A9,45,
59,,,A10,45,
59,,,A11,45,
59,,,A12,45,
59,,,A13,45,
59,,,A14,45,
59,,,A15,45,
59,,,A16,45,
59,,,A17,45,
59,,,A18,45,
59,,,A19,45,
59,,,A20,45,
59,,,A21,45,
59,,,A22,45,
59,,,A23,45,
59,,,A24,45,
59,,,B1,45,
59,,,B2,45,
59,,,B3,45,
59,,,B4,45,
59,,,B5,45,
59,,,B6,45,
59,,,B7,45,
59,,,B8,45,
59,,,B9,45,
59,,,B10,45,
59,,,B11,45,
59,,,B12,45,
59,,,B13,45,
59,,,B14,45,
59,,,B15,45,
59,,,B16,45,
59,,,B17,45,
59,,,B18,45,
59,,,B19,45,
59,,,B20,45,
59,,,B21,45,
59,,,B22,45,
59,,,B23,45,
59,,,B24,45,
59,,,C1,45,
59,,,C2,45,
59,,,C3,45,
59,,,C4,45,
59,,,C5,45,
59,,,C6,45,
59,,,C7,45,
59,,,C8,45,
59,,,C9,45,
59,,,C10,45,
59,,,C11,45,
59,,,C12,45,
59,,,C13,45,
59,,,C14,45,
59,,,C15,45,
59,,,C16,45,
59,,,C17,45,
59,,,C18,45,
59,,,C19,45,
59,,,C20,45,
59,,,C21,45,
59,,,C22,45,
59,,,C23,45,
59,,,C24,45,
59,,,D1,45,
59,,,D2,45,
59,,,D3,45,
59,,,D4,45,
59,,,D5,45,
59,,,D6,45,
59,,,D7,45,
59,,,D8,45,
59,,,D9,45,
59,,,D10,45,
59,,,D11,45,
59,,,D12,45,
59,,,D13,45,
59,,,D14,45,
59,,,D15,45,
59,,,D16,45,
59,,,D17,45,
59,,,D18,45,
59,,,D19,45,
59,,,D20,45,
59,,,D21,45,
59,,,D22,45,
59,,,D23,45,
59,,,D24,45,
59,,,E1,45,
59,,,E2,45,
59,,,E3,45,
59,,,E4,45,
59,,,E5,45,
59,,,E6,45,
59,,,E7,45,
59,,,E8,45,
59,,,E9,45,
59,,,E10,45,
59,,,E11,45,
59,,,E12,45,
59,,,E13,45,
59,,,E14,45,
59,,,E15,45,
59,,,E16,45,
59,,,E17,45,
59,,,E18,45,
59,,,E19,45,
59,,,E20,45,
59,,,E21,45,
59,,,E22,45,
59,,,E23,45,
59,,,E24,45,
59,,,F1,45,
59,,,F2,45,
59,,,F3,45,
59,,,F4,45,
59,,,F5,45,
59,,,F6,45,
59,,,F7,45,
59,,,F8,45,
59,,,F9,45,
59,,,F10,45,
59,,,F11,45,
59,,,F12,45,
59,,,F13,45,
59,,,F14,45,
59,,,F15,45,
59,,,F16,45,
59,,,F17,45,
59,,,F18,45,
59,,,F19,45,
59,,,F20,45,
59,,,F21,45,
59,,,F22,45,
59,,,F23,45,
59,,,F24,45,
59,,,G1,45,
59,,,G2,45,
59,,,G3,45,
59,,,G4,45,
59,,,G5,45,
59,,,G6,45,
59,,,G7,45,
59,,,G8,45,
59,,,G9,45,
59,,,G10,45,
59,,,G11,45,
59,,,G12,45,
59,,,G13,45,
59,,,G14,45,
59,,,G15,45,
59,,,G16,45,
59,,,G17,45,
59,,,G18,45,
59,,,G19,45,
59,,,G20,45,
59,,,G21,45,
59,,,G22,45,
59,,,G23,45,
59,,,G24,45,
59,,,H1,45,
59,,,H2,45,
59,,,H3,45,
59,,,H4,45,
59,,,H5,45,
59,,,H6,45,
59,,,H7,45,
59,,,H8,45,
59,,,H9,45,
59,,,H10,45,
59,,,H11,45,
59,,,H12,45,
59,,,H13,45,
59,,,H14,45,
59,,,H15,45,
59,,,H16,45,
59,,,H17,45,
59,,,H18,45,
59,,,H19,45,
59,,,H20,45,
59,,,H21,45,
59,,,H22,45,
59,,,H23,45,
59,,,H24,45,
59,,,I1,45,
59,,,I2,45,
59,,,I3,45,
59,,,I4,45,
59,,,I5,45,
59,,,I6,45,
59,,,I7,45,
59,,,I8,45,
59,,,I9,45,
59,,,I10,45,
59,,,I11,45,
59,,,I12,45,
59,,,I13,45,
59,,,I14,45,
59,,,I15,45,
59,,,I16,45,
59,,,I17,45,
59,,,I18,45,
59,,,I19,45,
59,,,I20,45,
59,,,I21,45,
59,,,I22,45,
59,,,I23,45,
59,,,I24,45,
59,,,J1,45,
59,,,J2,45,
59,,,J3,45,
59,,,J4,45,
59,,,J5,45,
59,,,J6,45,
59,,,J7,45,
59,,,J8,45,
59,,,J9,45,
59,,,J10,45,
59,,,J11,45,
59,,,J12,45,
59,,,J13,45,
59,,,J14,45,
59,,,J15,45,
59,,,J16,45,
59,,,J17,45,
59,,,J18,45,
59,,,J19,45,
59,,,J20,45,
59,,,J21,45,
59,,,J22,45,
59,,,J23,45,
59,,,J24,45,
59,,,K1,45,
59,,,K2,45,
59,,,K3,45,
59,,,K4,45,
59,,,K5,45,
59,,,K6,45,
59,,,K7,45,
59,,,K8,45,
59,,,K9,45,
59,,,K10,45,
59,,,K11,45,
59,,,K12,45,
59,,,K13,45,
59,,,K14,45,
59,,,K15,45,
59,,,K16,45,
59,,,K17,45,
59,,,K18,45,
59,,,K19,45,
59,,,K20,45,
59,,,K21,45,
59,,,K22,45,
59,,,K23,45,
59,,,K24,45,
59,,,L1,45,
59,,,L2,45,
59,,,L3,45,
59,,,L4,45,
59,,,L5,45,
59,,,L6,45,
59,,,L7,45,
59,,,L8,45,
59,,,L9,45,
59,,,L10,45,
59,,,L11,45,
59,,,L12,45,
59,,,L13,45,
59,,,L14,45,
59,,,L15,45,
59,,,L16,45,
59,,,L17,45,
59,,,L18,45,
59,,,L19,45,
59,,,L20,45,
59,,,L21,45,
59,,,L22,45,
59,,,L23,45,
59,,,L24,45,
59,,,M1,45,
59,,,M2,45,
59,,,M3,45,
59,,,M4,45,
59,,,M5,45,
59,,,M6,45,
59,,,M7,45,
59,,,M8,45,
59,,,M9,45,
59,,,M10,45,
59,,,M11,45,
59,,,M12,45,
59,,,M13,45,
59,,,M14,45,
59,,,M15,45,
59,,,M16,45,
59,,,M17,45,
59,,,M18,45,
59,,,M19,45,
59,,,M20,45,
59,,,M21,45,
59,,,M22,45,
59,,,M23,45,
59,,,M24,45,
59,,,N1,45,
59,,,N2,45,
59,,,N3,45,
59,,,N4,45,
59,,,N5,45,
59,,,N6,45,
59,,,N7,45,
59,,,N8,45,
59,,,N9,45,
59,,,N10,45,
59,,,N11,45,
59,,,N12,45,
59,,,N13,45,
59,,,N14,45,
59,,,N15,45,
59,,,N16,45,
59,,,N17,45,
59,,,N18,45,
59,,,N19,45,
59,,,N20,45,
59,,,N21,45,
59,,,N22,45,
59,,,N23,45,
59,,,N24,45,
59,,,O1,45,
59,,,O2,45,
59,,,O3,45,
59,,,O4,45,
59,,,O5,45,
59,,,O6,45,
59,,,O7,45,
59,,,O8,45,
59,,,O9,45,
59,,,O10,45,
59,,,O11,45,
59,,,O12,45,
59,,,O13,45,
59,,,O14,45,
59,,,O15,45,
59,,,O16,45,
59,,,O17,45,
59,,,O18,45,
59,,,O19,45,
59,,,O20,45,
59,,,O21,45,
59,,,O22,45,
59,,,O23,45,
59,,,O24,45,
59,,,P1,45,
59,,,P2,45,
59,,,P3,45,
59,,,P4,45,
59,,,P5,45,
59,,,P6,45,
59,,,P7,45,
59,,,P8,45,
59,,,P9,45,
59,,,P10,45,
59,,,P11,45,
59,,,P12,45,
59,,,P13,45,
59,,,P14,45,
59,,,P15,45,
59,,,P16,45,
59,,,P17,45,
59,,,P18,45,
59,,,P19,45,
59,,,P20,45,
59,,,P21,45,
59,,,P22,45,
59,,,P23,45,
59,,,P24,45,
60,,,A1,0,
61,,,A1,45,
61,,,A2,45,
61,,,A3,45,
61,,,A4,45,
61,,,A5,45,
61,,,A6,45,
61,,,A7,45,
61,,,A8,45,
61,,,A9,45,
61,,,A10,45,
61,,,A11,45,
61,,,A12,45,
61,,,A13,45,
61,,,A14,45,
61,,,A15,45,
61,,,A16,45,
61,,,A17,45,
61,,,A18,45,
61,,,A19,45,
61,,,A20,45,
61,,,A21,45,
61,,,A22,45,
61,,,A23,45,
61,,,A24,45,
61,,,B1,45,
61,,,B2,45,
61,,,B3,45,
61,,,B4,45,
61,,,B5,45,
61,,,B6,45,
61,,,B7,45,
61,,,B8,45,
61,,,B9,45,
61,,,B10,45,
61,,,B11,45,
61,,,B12,45,
61,,,B13,45,
61,,,B14,45,
61,,,B15,45,
61,,,B16,45,
61,,,B17,45,
61,,,B18,45,
61,,,B19,45,
61,,,B20,45,
61,,,B21,45,
61,,,B22,45,
61,,,B23,45,
61,,,B24,45,
61,,,C1,45,
61,,,C2,45,
61,,,C3,45,
61,,,C4,45,
61,,,C5,45,
61,,,C6,45,
61,,,C7,45,
61,,,C8,45,
61,,,C9,45,
61,,,C10,45,
61,,,C11,45,
61,,,C12,45,
61,,,C13,45,
61,,,C14,45,
61,,,C15,45,
61,,,C16,45,
61,,,C17,45,
61,,,C18,45,
61,,,C19,45,
61,,,C20,45,
61,,,C21,45,
61,,,C22,45,
61,,,C23,45,
61,,,C24,45,
61,,,D1,45,
61,,,D2,45,
61,,,D3,45,
61,,,D4,45,
61,,,D5,45,
61,,,D6,45,
61,,,D7,45,
61,,,D8,45,
61,,,D9,45,
61,,,D10,45,
61,,,D11,45,
61,,,D12,45,
61,,,D13,45,
61,,,D14,45,
61,,,D15,45,
61,,,D16,45,
61,,,D17,45,
61,,,D18,45,
61,,,D19,45,
61,,,D20,45,
61,,,D21,45,
61,,,D22,45,
61,,,D23,45,
61,,,D24,45,
61,,,E1,45,
61,,,E2,45,
61,,,E3,45,
61,,,E4,45,
61,,,E5,45,
61,,,E6,45,
61,,,E7,45,
61,,,E8,45,
61,,,E9,45,
61,,,E10,45,
61,,,E11,45,
61,,,E12,45,
61,,,E13,45,
61,,,E14,45,
61,,,E15,45,
61,,,E16,45,
61,,,E17,45,
61,,,E18,45,
61,,,E19,45,
61,,,E20,45,
61,,,E21,45,
61,,,E22,45,
61,,,E23,45,
61,,,E24,45,
61,,,F1,45,
61,,,F2,45,
61,,,F3,45,
61,,,F4,45,
61,,,F5,45,
61,,,F6,45,
61,,,F7,45,
61,,,F8,45,
61,,,F9,45,
61,,,F10,45,
61,,,F11,45,
61,,,F12,45,
61,,,F13,45,
61,,,F14,45,
61,,,F15,45,
61,,,F16,45,
61,,,F17,45,
61,,,F18,45,
61,,,F19,45,
61,,,F20,45,
61,,,F21,45,
61,,,F22,45,
61,,,F23,45,
61,,,F24,45,
61,,,G1,45,
61,,,G2,45,
61,,,G3,45,
61,,,G4,45,
61,,,G5,45,
61,,,G6,45,
61,,,G7,45,
61,,,G8,45,
61,,,G9,45,
61,,,G10,45,
61,,,G11,45,
61,,,G12,45,
61,,,G13,45,
61,,,G14,45,
61,,,G15,45,
61,,,G16,45,
61,,,G17,45,
61,,,G18,45,
61,,,G19,45,
61,,,G20,45,
61,,,G21,45,
61,,,G22,45,
61,,,G23,45,
61,,,G24,45,
61,,,H1,45,
61,,,H2,45,
61,,,H3,45,
61,,,H4,45,
61,,,H5,45,
61,,,H6,45,
61,,,H7,45,
61,,,H8,45,
61,,,H9,45,
61,,,H10,45,
61,,,H11,45,
61,,,H12,45,
61,,,H13,45,
61,,,H14,45,
61,,,H15,45,
61,,,H16,45,
61,,,H17,45,
61,,,H18,45,
61,,,H19,45,
61,,,H20,45,
61,,,H21,45,
61,,,H22,45,
61,,,H23,45,
61,,,H24,45,
61,,,I1,45,
61,,,I2,45,
61,,,I3,45,
61,,,I4,45,
61,,,I5,45,
61,,,I6,45,
61,,,I7,45,
61,,,I8,45,
61,,,I9,45,
61,,,I10,45,
61,,,I11,45,
61,,,I12,45,
61,,,I13,45,
61,,,I14,45,
61,,,I15,45,
61,,,I16,45,
61,,,I17,45,
61,,,I18,45,
61,,,I19,45,
61,,,I20,45,
61,,,I21,45,
61,,,I22,45,
61,,,I23,45,
61,,,I24,45,
61,,,J1,45,
61,,,J2,45,
61,,,J3,45,
61,,,J4,45,
61,,,J5,45,
61,,,J6,45,
61,,,J7,45,
61,,,J8,45,
61,,,J9,45,
61,,,J10,45,
61,,,J11,45,
61,,,J12,45,
61,,,J13,45,
61,,,J14,45,
61,,,J15,45,
61,,,J16,45,
61,,,J17,45,
61,,,J18,45,
61,,,J19,45,
61,,,J20,45,
61,,,J21,45,
61,,,J22,45,
61,,,J23,45,
61,,,J24,45,
61,,,K1,45,
61,,,K2,45,
61,,,K3,45,
61,,,K4,45,
61,,,K5,45,
61,,,K6,45,
61,,,K7,45,
61,,,K8,45,
61,,,K9,45,
61,,,K10,45,
61,,,K11,45,
61,,,K12,45,
61,,,K13,45,
61,,,K14,45,
61,,,K15,45,
61,,,K16,45,
61,,,K17,45,
61,,,K18,45,
61,,,K19,45,
61,,,K20,45,
61,,,K21,45,
61,,,K22,45,
61,,,K23,45,
61,,,K24,45,
61,,,L1,45,
61,,,L2,45,
61,,,L3,45,
61,,,L4,45,
61,,,L5,45,
61,,,L6,45,
61,,,L7,45,
61,,,L8,45,
61,,,L9,45,
61,,,L10,45,
61,,,L11,45,
61,,,L12,45,
61,,,L13,45,
61,,,L14,45,
61,,,L15,45,
61,,,L16,45,
61,,,L17,45,
61,,,L18,45,
61,,,L19,45,
61,,,L20,45,
61,,,L21,45,
61,,,L22,45,
61,,,L23,45,
61,,,L24,45,
61,,,M1,45,
61,,,M2,45,
61,,,M3,45,
61,,,M4,45,
61,,,M5,45,
61,,,M6,45,
61,,,M7,45,
61,,,M8,45,
61,,,M9,45,
61,,,M10,45,
61,,,M11,45,
61,,,M12,45,
61,,,M13,45,
61,,,M14,45,
61,,,M15,45,
61,,,M16,45,
61,,,M17,45,
61,,,M18,45,
61,,,M19,45,
61,,,M20,45,
61,,,M21,45,
61,,,M22,45,
61,,,M23,45,
61,,,M24,45,
61,,,N1,45,
61,,,N2,45,
61,,,N3,45,
61,,,N4,45,
61,,,N5,45,
61,,,N6,45,
61,,,N7,45,
61,,,N8,45,
61,,,N9,45,
61,,,N10,45,
61,,,N11,45,
61,,,N12,45,
61,,,N13,45,
61,,,N14,45,
61,,,N15,45,
61,,,N16,45,
61,,,N17,45,
61,,,N18,45,
61,,,N19,45,
61,,,N20,45,
61,,,N21,45,
61,,,N22,45,
61,,,N23,45,
61,,,N24,45,
61,,,O1,45,
61,,,O2,45,
61,,,O3,45,
61,,,O4,45,
61,,,O5,45,
61,,,O6,45,
61,,,O7,45,
61,,,O8,45,
61,,,O9,45,
61,,,O10,45,
61,,,O11,45,
61,,,O12,45,
61,,,O13,45,
61,,,O14,45,
61,,,O15,45,
61,,,O16,45,
61,,,O17,45,
61,,,O18,45,
61,,,O19,45,
61,,,O20,45,
61,,,O21,45,
61,,,O22,45,
61,,,O23,45,
61,,,O24,45,
61,,,P1,45,
61,,,P2,45,
61,,,P3,45,
61,,,P4,45,
61,,,P5,45,
61,,,P6,45,
61,,,P7,45,
61,,,P8,45,
61,,,P9,45,
61,,,P10,45,
61,,,P11,45,
61,,,P12,45,
61,,,P13,45,
61,,,P14,45,
61,,,P15,45,
61,,,P16,45,
61,,,P17,45,
61,,,P18,45,
61,,,P19,45,
61,,,P20,45,
61,,,P21,45,
61,,,P22,45,
61,,,P23,45,
61,,,P24,45,
62,,,A1,0,
63,,,A1,45,
63,,,A2,45,
63,,,A3,45,
63,,,A4,45,
63,,,A5,45,
63,,,A6,45,
63,,,A7,45,
63,,,A8,45,
63,,,A9,45,
63,,,A10,45,
63,,,A11,45,
63,,,A12,45,
63,,,A13,45,
63,,,A14,45,
63,,,A15,45,
63,,,A16,45,
63,,,A17,45,
63,,,A18,45,
63,,,A19,45,
63,,,A20,45,
63,,,A21,45,
63,,,A22,45,
63,,,A23,45,
63,,,A24,45,
63,,,B1,45,
63,,,B2,45,
63,,,B3,45,
63,,,B4,45,
63,,,B5,45,
63,,,B6,45,
63,,,B7,45,
63,,,B8,45,
63,,,B9,45,
63,,,B10,45,
63,,,B11,45,
63,,,B12,45,
63,,,B13,45,
63,,,B14,45,
63,,,B15,45,
63,,,B16,45,
63,,,B17,45,
63,,,B18,45,
63,,,B19,45,
63,,,B20,45,
63,,,B21,45,
63,,,B22,45,
63,,,B23,45,
63,,,B24,45,
63,,,C1,45,
63,,,C2,45,
63,,,C3,45,
63,,,C4,45,
63,,,C5,45,
63,,,C6,45,
63,,,C7,45,
63,,,C8,45,
63,,,C9,45,
63,,,C10,45,
63,,,C11,45,
63,,,C12,45,
63,,,C13,45,
63,,,C14,45,
63,,,C15,45,
63,,,C16,45,
63,,,C17,45,
63,,,C18,45,
63,,,C19,45,
63,,,C20,45,
63,,,C21,45,
63,,,C22,45,
63,,,C23,45,
63,,,C24,45,
63,,,D1,45,
63,,,D2,45,
63,,,D3,45,
63,,,D4,45,
63,,,D5,45,
63,,,D6,45,
63,,,D7,45,
63,,,D8,45,
63,,,D9,45,
63,,,D10,45,
63,,,D11,45,
63,,,D12,45,
63,,,D13,45,
63,,,D14,45,
63,,,D15,45,
63,,,D16,45,
63,,,D17,45,
63,,,D18,45,
63,,,D19,45,
63,,,D20,45,
63,,,D21,45,
63,,,D22,45,
63,,,D23,45,
63,,,D24,45,
63,,,E1,45,
63,,,E2,45,
63,,,E3,45,
63,,,E4,45,
63,,,E5,45,
63,,,E6,45,
63,,,E7,45,
63,,,E8,45,
63,,,E9,45,
63,,,E10,45,
63,,,E11,45,
63,,,E12,45,
63,,,E13,45,
63,,,E14,45,
63,,,E15,45,
63,,,E16,45,
63,,,E17,45,
63,,,E18,45,
63,,,E19,45,
63,,,E20,45,
63,,,E21,45,
63,,,E22,45,
63,,,E23,45,
63,,,E24,45,
63,,,F1,45,
63,,,F2,45,
63,,,F3,45,
63,,,F4,45,
63,,,F5,45,
63,,,F6,45,
63,,,F7,45,
63,,,F8,45,
63,,,F9,45,
63,,,F10,45,
63,,,F11,45,
63,,,F12,45,
63,,,F13,45,
63,,,F14,45,
63,,,F15,45,
63,,,F16,45,
63,,,F17,45,
63,,,F18,45,
63,,,F19,45,
63,,,F20,45,
63,,,F21,45,
63,,,F22,45,
63,,,F23,45,
63,,,F24,45,
63,,,G1,45,
63,,,G2,45,
63,,,G3,45,
63,,,G4,45,
63,,,G5,45,
63,,,G6,45,
63,,,G7,45,
63,,,G8,45,
63,,,G9,45,
63,,,G10,45,
63,,,G11,45,
63,,,G12,45,
63,,,G13,45,
63,,,G14,45,
63,,,G15,45,
63,,,G16,45,
63,,,G17,45,
63,,,G18,45,
63,,,G19,45,
63,,,G20,45,
63,,,G21,45,
63,,,G22,45,
63,,,G23,45,
63,,,G24,45,
63,,,H1,45,
63,,,H2,45,
63,,,H3,45,
63,,,H4,45,
63,,,H5,45,
63,,,H6,45,
63,,,H7,45,
63,,,H8,45,
63,,,H9,45,
63,,,H10,45,
63,,,H11,45,
63,,,H12,45,
63,,,H13,45,
63,,,H14,45,
63,,,H15,45,
63,,,H16,45,
63,,,H17,45,
63,,,H18,45,
63,,,H19,45,
63,,,H20,45,
63,,,H21,45,
63,,,H22,45,
63,,,H23,45,
63,,,H24,45,
63,,,I1,45,
63,,,I2,45,
63,,,I3,45,
63,,,I4,45,
63,,,I5,45,
63,,,I6,45,
63,,,I7,45,
63,,,I8,45,
63,,,I9,45,
63,,,I10,45,
63,,,I11,45,
63,,,I12,45,
63,,,I13,45,
63,,,I14,45,
63,,,I15,45,
63,,,I16,45,
63,,,I17,45,
63,,,I18,45,
63,,,I19,45,
63,,,I20,45,
63,,,I21,45,
63,,,I22,45,
63,,,I23,45,
63,,,I24,45,
63,,,J1,45,
63,,,J2,45,
63,,,J3,45,
63,,,J4,45,
63,,,J5,45,
63,,,J6,45,
63,,,J7,45,
63,,,J8,45,
63,,,J9,45,
63,,,J10,45,
63,,,J11,45,
63,,,J12,45,
63,,,J13,45,
63,,,J14,45,
63,,,J15,45,
63,,,J16,45,
63,,,J17,45,
63,,,J18,45,
63,,,J19,45,
63,,,J20,45,
63,,,J21,45,
63,,,J22,45,
63,,,J23,45,
63,,,J24,45,
63,,,K1,45,
63,,,K2,45,
63,,,K3,45,
63,,,K4,45,
63,,,K5,45,
63,,,K6,45,
63,,,K7,45,
63,,,K8,45,
63,,,K9,45,
63,,,K10,45,
63,,,K11,45,
63,,,K12,45,
63,,,K13,45,
63,,,K14,45,
63,,,K15,45,
63,,,K16,45,
63,,,K17,45,
63,,,K18,45,
63,,,K19,45,
63,,,K20,45,
63,,,K21,45,
63,,,K22,45,
63,,,K23,45,
63,,,K24,45,
63,,,L1,45,
63,,,L2,45,
63,,,L3,45,
63,,,L4,45,
63,,,L5,45,
63,,,L6,45,
63,,,L7,45,
63,,,L8,45,
63,,,L9,45,
63,,,L10,45,
63,,,L11,45,
63,,,L12,45,
63,,,L13,45,
63,,,L14,45,
63,,,L15,45,
63,,,L16,45,
63,,,L17,45,
63,,,L18,45,
63,,,L19,45,
63,,,L20,45,
63,,,L21,45,
63,,,L22,45,
63,,,L23,45,
63,,,L24,45,
63,,,M1,45,
63,,,M2,45,
63,,,M3,45,
63,,,M4,45,
63,,,M5,45,
63,,,M6,45,
63,,,M7,45,
63,,,M8,45,
63,,,M9,45,
63,,,M10,45,
63,,,M11,45,
63,,,M12,45,
63,,,M13,45,
63,,,M14,45,
63,,,M15,45,
63,,,M16,45,
63,,,M17,45,
63,,,M18,45,
63,,,M19,45,
63,,,M20,45,
63,,,M21,45,
63,,,M22,45,
63,,,M23,45,
63,,,M24,45,
63,,,N1,45,
63,,,N2,45,
63,,,N3,45,
63,,,N4,45,
63,,,N5,45,
63,,,N6,45,
63,,,N7,45,
63,,,N8,45,
63,,,N9,45,
63,,,N10,45,
63,,,N11,45,
63,,,N12,45,
63,,,N13,45,
63,,,N14,45,
63,,,N15,45,
63,,,N16,45,
63,,,N17,45,
63,,,N18,45,
63,,,N19,45,
63,,,N20,45,
63,,,N21,45,
63,,,N22,45,
63,,,N23,45,
63,,,N24,45,
63,,,O1,45,
63,,,O2,45,
63,,,O3,45,
63,,,O4,45,
63,,,O5,45,
63,,,O6,45,
63,,,O7,45,
63,,,O8,45,
63,,,O9,45,
63,,,O10,45,
63,,,O11,45,
63,,,O12,45,
63,,,O13,45,
63,,,O14,45,
63,,,O15,45,
63,,,O16,45,
63,,,O17,45,
63,,,O18,45,
63,,,O19,45,
63,,,O20,45,
63,,,O21,45,
63,,,O22,45,
63,,,O23,45,
63,,,O24,45,
63,,,P1,45,
63,,,P2,45,
63,,,P3,45,
63,,,P4,45,
63,,,P5,45,
63,,,P6,45,
63,,,P7,45,
63,,,P8,45,
63,,,P9,45,
63,,,P10,45,
63,,,P11,45,
63,,,P12,45,
63,,,P13,45,
63,,,P14,45,
63,,,P15,45,
63,,,P16,45,
63,,,P17,45,
63,,,P18,45,
63,,,P19,45,
63,,,P20,45,
63,,,P21,45,
63,,,P22,45,
63,,,P23,45,
63,,,P24,45,
64,,,A1,0,
65,,,A1,45,
65,,,A2,45,
65,,,A3,45,
65,,,A4,45,
65,,,A5,45,
65,,,A6,45,
65,,,A7,45,
65,,,A8,45,
65,,,A9,45,
65,,,A10,45,
65,,,A11,45,
65,,,A12,45,
65,,,A13,45,
65,,,A14,45,
65,,,A15,45,
65,,,A16,45,
65,,,A17,45,
65,,,A18,45,
65,,,A19,45,
65,,,A20,45,
65,,,A21,45,
65,,,A22,45,
65,,,A23,45,
65,,,A24,45,
65,,,B1,45,
65,,,B2,45,
65,,,B3,45,
65,,,B4,45,
65,,,B5,45,
65,,,B6,45,
65,,,B7,45,
65,,,B8,45,
65,,,B9,45,
65,,,B10,45,
65,,,B11,45,
65,,,B12,45,
65,,,B13,45,
65,,,B14,45,
65,,,B15,45,
65,,,B16,45,
65,,,B17,45,
65,,,B18,45,
65,,,B19,45,
65,,,B20,45,
65,,,B21,45,
65,,,B22,45,
65,,,B23,45,
65,,,B24,45,
65,,,C1,45,
65,,,C2,45,
65,,,C3,45,
65,,,C4,45,
65,,,C5,45,
65,,,C6,45,
65,,,C7,45,
65,,,C8,45,
65,,,C9,45,
65,,,C10,45,
65,,,C11,45,
65,,,C12,45,
65,,,C13,45,
65,,,C14,45,
65,,,C15,45,
65,,,C16,45,
65,,,C17,45,
65,,,C18,45,
65,,,C19,45,
65,,,C20,45,
65,,,C21,45,
65,,,C22,45,
65,,,C23,45,
65,,,C24,45,
65,,,D1,45,
65,,,D2,45,
65,,,D3,45,
65,,,D4,45,
65,,,D5,45,
65,,,D6,45,
65,,,D7,45,
65,,,D8,45,
65,,,D9,45,
65,,,D10,45,
65,,,D11,45,
65,,,D12,45,
65,,,D13,45,
65,,,D14,45,
65,,,D15,45,
65,,,D16,45,
65,,,D17,45,
65,,,D18,45,
65,,,D19,45,
65,,,D20,45,
65,,,D21,45,
65,,,D22,45,
65,,,D23,45,
65,,,D24,45,
65,,,E1,45,
65,,,E2,45,
65,,,E3,45,
65,,,E4,45,
65,,,E5,45,
65,,,E6,45,
65,,,E7,45,
65,,,E8,45,
65,,,E9,45,
65,,,E10,45,
65,,,E11,45,
65,,,E12,45,
65,,,E13,45,
65,,,E14,45,
65,,,E15,45,
65,,,E16,45,
65,,,E17,45,
65,,,E18,45,
65,,,E19,45,
65,,,E20,45,
65,,,E21,45,
65,,,E22,45,
65,,,E23,45,
65,,,E24,45,
65,,,F1,45,
65,,,F2,45,
65,,,F3,45,
65,,,F4,45,
65,,,F5,45,
65,,,F6,45,
65,,,F7,45,
65,,,F8,45,
65,,,F9,45,
65,,,F10,45,
65,,,F11,45,
65,,,F12,45,
65,,,F13,45,
65,,,F14,45,
65,,,F15,45,
65,,,F16,45,
65,,,F17,45,
65,,,F18,45,
65,,,F19,45,
65,,,F20,45,
65,,,F21,45,
65,,,F22,45,
65,,,F23,45,
65,,,F24,45,
65,,,G1,45,
65,,,G2,45,
65,,,G3,45,
65,,,G4,45,
65,,,G5,45,
65,,,G6,45,
65,,,G7,45,
65,,,G8,45,
65,,,G9,45,
65,,,G10,45,
65,,,G11,45,
65,,,G12,45,
65,,,G13,45,
65,,,G14,45,
65,,,G15,45,
65,,,G16,45,
65,,,G17,45,
65,,,G18,45,
65,,,G19,45,
65,,,G20,45,
65,,,G21,45,
65,,,G22,45,
65,,,G23,45,
65,,,G24,45,
65,,,H1,45,
65,,,H2,45,
65,,,H3,45,
65,,,H4,45,
65,,,H5,45,
65,,,H6,45,
65,,,H7,45,
65,,,H8,45,
65,,,H9,45,
65,,,H10,45,
65,,,H11,45,
65,,,H12,45,
65,,,H13,45,
65,,,H14,45,
65,,,H15,45,
65,,,H16,45,
65,,,H17,45,
65,,,H18,45,
65,,,H19,45,
65,,,H20,45,
65,,,H21,45,
65,,,H22,45,
65,,,H23,45,
65,,,H24,45,
65,,,I1,45,
65,,,I2,45,
65,,,I3,45,
65,,,I4,45,
65,,,I5,45,
65,,,I6,45,
65,,,I7,45,
65,,,I8,45,
65,,,I9,45,
65,,,I10,45,
65,,,I11,45,
65,,,I12,45,
65,,,I13,45,
65,,,I14,45,
65,,,I15,45,
65,,,I16,45,
65,,,I17,45,
65,,,I18,45,
65,,,I19,45,
65,,,I20,45,
65,,,I21,45,
65,,,I22,45,
65,,,I23,45,
65,,,I24,45,
65,,,J1,45,
65,,,J2,45,
65,,,J3,45,
65,,,J4,45,
65,,,J5,45,
65,,,J6,45,
65,,,J7,45,
65,,,J8,45,
65,,,J9,45,
65,,,J10,45,
65,,,J11,45,
65,,,J12,45,
65,,,J13,45,
65,,,J14,45,
65,,,J15,45,
65,,,J16,45,
65,,,J17,45,
65,,,J18,45,
65,,,J19,45,
65,,,J20,45,
65,,,J21,45,
65,,,J22,45,
65,,,J23,45,
65,,,J24,45,
65,,,K1,45,
65,,,K2,45,
65,,,K3,45,
65,,,K4,45,
65,,,K5,45,
65,,,K6,45,
65,,,K7,45,
65,,,K8,45,
65,,,K9,45,
65,,,K10,45,
65,,,K11,45,
65,,,K12,45,
65,,,K13,45,
65,,,K14,45,
65,,,K15,45,
65,,,K16,45,
65,,,K17,45,
65,,,K18,45,
65,,,K19,45,
65,,,K20,45,
65,,,K21,45,
65,,,K22,45,
65,,,K23,45,
65,,,K24,45,
65,,,L1,45,
65,,,L2,45,
65,,,L3,45,
65,,,L4,45,
65,,,L5,45,
65,,,L6,45,
65,,,L7,45,
65,,,L8,45,
65,,,L9,45,
65,,,L10,45,
65,,,L11,45,
65,,,L12,45,
65,,,L13,45,
65,,,L14,45,
65,,,L15,45,
65,,,L16,45,
65,,,L17,45,
65,,,L18,45,
65,,,L19,45,
65,,,L20,45,
65,,,L21,45,
65,,,L22,45,
65,,,L23,45,
65,,,L24,45,
65,,,M1,45,
65,,,M2,45,
65,,,M3,45,
65,,,M4,45,
65,,,M5,45,
65,,,M6,45,
65,,,M7,45,
65,,,M8,45,
65,,,M9,45,
65,,,M10,45,
65,,,M11,45,
65,,,M12,45,
65,,,M13,45,
65,,,M14,45,
65,,,M15,45,
65,,,M16,45,
65,,,M17,45,
65,,,M18,45,
65,,,M19,45,
65,,,M20,45,
65,,,M21,45,
65,,,M22,45,
65,,,M23,45,
65,,,M24,45,
65,,,N1,45,
65,,,N2,45,
65,,,N3,45,
65,,,N4,45,
65,,,N5,45,
65,,,N6,45,
65,,,N7,45,
65,,,N8,45,
65,,,N9,45,
65,,,N10,45,
65,,,N11,45,
65,,,N12,45,
65,,,N13,45,
65,,,N14,45,
65,,,N15,45,
65,,,N16,45,
65,,,N17,45,
65,,,N18,45,
65,,,N19,45,
65,,,N20,45,
65,,,N21,45,
65,,,N22,45,
65,,,N23,45,
65,,,N24,45,
65,,,O1,45,
65,,,O2,45,
65,,,O3,45,
65,,,O4,45,
65,,,O5,45,
65,,,O6,45,
65,,,O7,45,
65,,,O8,45,
65,,,O9,45,
65,,,O10,45,
65,,,O11,45,
65,,,O12,45,
65,,,O13,45,
65,,,O14,45,
65,,,O15,45,
65,,,O16,45,
65,,,O17,45,
65,,,O18,45,
65,,,O19,45,
65,,,O20,45,
65,,,O21,45,
65,,,O22,45,
65,,,O23,45,
65,,,O24,45,
65,,,P1,45,
65,,,P2,45,
65,,,P3,45,
65,,,P4,45,
65,,,P5,45,
65,,,P6,45,
65,,,P7,45,
65,,,P8,45,
65,,,P9,45,
65,,,P10,45,
65,,,P11,45,
65,,,P12,45,
65,,,P13,45,
65,,,P14,45,
65,,,P15,45,
65,,,P16,45,
65,,,P17,45,
65,,,P18,45,
65,,,P19,45,
65,,,P20,45,
65,,,P21,45,
65,,,P22,45,
65,,,P23,45,
65,,,P24,45,
66,,,A1,0,
67,,,A1,45,
67,,,A2,45,
67,,,A3,45,
67,,,A4,45,
67,,,A5,45,
67,,,A6,45,
67,,,A7,45,
67,,,A8,45,
67,,,A9,45,
67,,,A10,45,
67,,,A11,45,
67,,,A12,45,
67,,,A13,45,
67,,,A14,45,
67,,,A15,45,
67,,,A16,45,
67,,,A17,45,
67,,,A18,45,
67,,,A19,45,
67,,,A20,45,
67,,,A21,45,
67,,,A22,45,
67,,,A23,45,
67,,,A24,45,
67,,,B1,45,
67,,,B2,45,
67,,,B3,45,
67,,,B4,45,
67,,,B5,45,
67,,,B6,45,
67,,,B7,45,
67,,,B8,45,
67,,,B9,45,
67,,,B10,45,
67,,,B11,45,
67,,,B12,45,
67,,,B13,45,
67,,,B14,45,
67,,,B15,45,
67,,,B16,45,
67,,,B17,45,
67,,,B18,45,
67,,,B19,45,
67,,,B20,45,
67,,,B21,45,
67,,,B22,45,
67,,,B23,45,
67,,,B24,45,
67,,,C1,45,
67,,,C2,45,
67,,,C3,45,
67,,,C4,45,
67,,,C5,45,
67,,,C6,45,
67,,,C7,45,
67,,,C8,45,
67,,,C9,45,
67,,,C10,45,
67,,,C11,45,
67,,,C12,45,
67,,,C13,45,
67,,,C14,45,
67,,,C15,45,
67,,,C16,45,
67,,,C17,45,
67,,,C18,45,
67,,,C19,45,
67,,,C20,45,
67,,,C21,45,
67,,,C22,45,
67,,,C23,45,
67,,,C24,45,
67,,,D1,45,
67,,,D2,45,
67,,,D3,45,
67,,,D4,45,
67,,,D5,45,
67,,,D6,45,
67,,,D7,45,
67,,,D8,45,
67,,,D9,45,
67,,,D10,45,
67,,,D11,45,
67,,,D12,45,
67,,,D13,45,
67,,,D14,45,
67,,,D15,45,
67,,,D16,45,
67,,,D17,45,
67,,,D18,45,
67,,,D19,45,
67,,,D20,45,
67,,,D21,45,
67,,,D22,45,
67,,,D23,45,
67,,,D24,45,
67,,,E1,45,
67,,,E2,45,
67,,,E3,45,
67,,,E4,45,
67,,,E5,45,
67,,,E6,45,
67,,,E7,45,
67,,,E8,45,
67,,,E9,45,
67,,,E10,45,
67,,,E11,45,
67,,,E12,45,
67,,,E13,45,
67,,,E14,45,
67,,,E15,45,
67,,,E16,45,
67,,,E17,45,
67,,,E18,45,
67,,,E19,45,
67,,,E20,45,
67,,,E21,45,
67,,,E22,45,
67,,,E23,45,
67,,,E24,45,
67,,,F1,45,
67,,,F2,45,
67,,,F3,45,
67,,,F4,45,
67,,,F5,45,
67,,,F6,45,
67,,,F7,45,
67,,,F8,45,
67,,,F9,45,
67,,,F10,45,
67,,,F11,45,
67,,,F12,45,
67,,,F13,45,
67,,,F14,45,
67,,,F15,45,
67,,,F16,45,
67,,,F17,45,
67,,,F18,45,
67,,,F19,45,
67,,,F20,45,
67,,,F21,45,
67,,,F22,45,
67,,,F23,45,
67,,,F24,45,
67,,,G1,45,
67,,,G2,45,
67,,,G3,45,
67,,,G4,45,
67,,,G5,45,
67,,,G6,45,
67,,,G7,45,
67,,,G8,45,
67,,,G9,45,
67,,,G10,45,
67,,,G11,45,
67,,,G12,45,
67,,,G13,45,
67,,,G14,45,
67,,,G15,45,
67,,,G16,45,
67,,,G17,45,
67,,,G18,45,
67,,,G19,45,
67,,,G20,45,
67,,,G21,45,
67,,,G22,45,
67,,,G23,45,
67,,,G24,45,
67,,,H1,45,
67,,,H2,45,
67,,,H3,45,
67,,,H4,45,
67,,,H5,45,
67,,,H6,45,
67,,,H7,45,
67,,,H8,45,
67,,,H9,45,
67,,,H10,45,
67,,,H11,45,
67,,,H12,45,
67,,,H13,45,
67,,,H14,45,
67,,,H15,45,
67,,,H16,45,
67,,,H17,45,
67,,,H18,45,
67,,,H19,45,
67,,,H20,45,
67,,,H21,45,
67,,,H22,45,
67,,,H23,45,
67,,,H24,45,
67,,,I1,45,
67,,,I2,45,
67,,,I3,45,
67,,,I4,45,
67,,,I5,45,
67,,,I6,45,
67,,,I7,45,
67,,,I8,45,
67,,,I9,45,
67,,,I10,45,
67,,,I11,45,
67,,,I12,45,
67,,,I13,45,
67,,,I14,45,
67,,,I15,45,
67,,,I16,45,
67,,,I17,45,
67,,,I18,45,
67,,,I19,45,
67,,,I20,45,
67,,,I21,45,
67,,,I22,45,
67,,,I23,45,
67,,,I24,45,
67,,,J1,45,
67,,,J2,45,
67,,,J3,45,
67,,,J4,45,
67,,,J5,45,
67,,,J6,45,
67,,,J7,45,
67,,,J8,45,
67,,,J9,45,
67,,,J10,45,
67,,,J11,45,
67,,,J12,45,
67,,,J13,45,
67,,,J14,45,
67,,,J15,45,
67,,,J16,45,
67,,,J17,45,
67,,,J18,45,
67,,,J19,45,
67,,,J20,45,
67,,,J21,45,
67,,,J22,45,
67,,,J23,45,
67,,,J24,45,
67,,,K1,45,
67,,,K2,45,
67,,,K3,45,
67,,,K4,45,
67,,,K5,45,
67,,,K6,45,
67,,,K7,45,
67,,,K8,45,
67,,,K9,45,
67,,,K10,45,
67,,,K11,45,
67,,,K12,45,
67,,,K13,45,
67,,,K14,45,
67,,,K15,45,
67,,,K16,45,
67,,,K17,45,
67,,,K18,45,
67,,,K19,45,
67,,,K20,45,
67,,,K21,45,
67,,,K22,45,
67,,,K23,45,
67,,,K24,45,
67,,,L1,45,
67,,,L2,45,
67,,,L3,45,
67,,,L4,45,
67,,,L5,45,
67,,,L6,45,
67,,,L7,45,
67,,,L8,45,
67,,,L9,45,
67,,,L10,45,
67,,,L11,45,
67,,,L12,45,
67,,,L13,45,
67,,,L14,45,
67,,,L15,45,
67,,,L16,45,
67,,,L17,45,
67,,,L18,45,
67,,,L19,45,
67,,,L20,45,
67,,,L21,45,
67,,,L22,45,
67,,,L23,45,
67,,,L24,45,
67,,,M1,45,
67,,,M2,45,
67,,,M3,45,
67,,,M4,45,
67,,,M5,45,
67,,,M6,45,
67,,,M7,45,
67,,,M8,45,
67,,,M9,45,
67,,,M10,45,
67,,,M11,45,
67,,,M12,45,
67,,,M13,45,
67,,,M14,45,
67,,,M15,45,
67,,,M16,45,
67,,,M17,45,
67,,,M18,45,
67,,,M19,45,
67,,,M20,45,
67,,,M21,45,
67,,,M22,45,
67,,,M23,45,
67,,,M24,45,
67,,,N1,45,
67,,,N2,45,
67,,,N3,45,
67,,,N4,45,
67,,,N5,45,
67,,,N6,45,
67,,,N7,45,
67,,,N8,45,
67,,,N9,45,
67,,,N10,45,
67,,,N11,45,
67,,,N12,45,
67,,,N13,45,
67,,,N14,45,
67,,,N15,45,
67,,,N16,45,
67,,,N17,45,
67,,,N18,45,
67,,,N19,45,
67,,,N20,45,
67,,,N21,45,
67,,,N22,45,
67,,,N23,45,
67,,,N24,45,
67,,,O1,45,
67,,,O2,45,
67,,,O3,45,
67,,,O4,45,
67,,,O5,45,
67,,,O6,45,
67,,,O7,45,
67,,,O8,45,
67,,,O9,45,
67,,,O10,45,
67,,,O11,45,
67,,,O12,45,
67,,,O13,45,
67,,,O14,45,
67,,,O15,45,
67,,,O16,45,
67,,,O17,45,
67,,,O18,45,
67,,,O19,45,
67,,,O20,45,
67,,,O21,45,
67,,,O22,45,
67,,,O23,45,
67,,,O24,45,
67,,,P1,45,
67,,,P2,45,
67,,,P3,45,
67,,,P4,45,
67,,,P5,45,
67,,,P6,45,
67,,,P7,45,
67,,,P8,45,
67,,,P9,45,
67,,,P10,45,
67,,,P11,45,
67,,,P12,45,
67,,,P13,45,
67,,,P14,45,
67,,,P15,45,
67,,,P16,45,
67,,,P17,45,
67,,,P18,45,
67,,,P19,45,
67,,,P20,45,
67,,,P21,45,
67,,,P22,45,
67,,,P23,45,
67,,,P24,45,
68,,,A1,0,
69,,,A1,45,
69,,,A2,45,
69,,,A3,45,
69,,,A4,45,
69,,,A5,45,
69,,,A6,45,
69,,,A7,45,
69,,,A8,45,
69,,,A9,45,
69,,,A10,45,
69,,,A11,45,
69,,,A12,45,
69,,,A13,45,
69,,,A14,45,
69,,,A15,45,
69,,,A16,45,
69,,,A17,45,
69,,,A18,45,
69,,,A19,45,
69,,,A20,45,
69,,,A21,45,
69,,,A22,45,
69,,,A23,45,
69,,,A24,45,
69,,,B1,45,
69,,,B2,45,
69,,,B3,45,
69,,,B4,45,
69,,,B5,45,
69,,,B6,45,
69,,,B7,45,
69,,,B8,45,
69,,,B9,45,
69,,,B10,45,
69,,,B11,45,
69,,,B12,45,
69,,,B13,45,
69,,,B14,45,
69,,,B15,45,
69,,,B16,45,
69,,,B17,45,
69,,,B18,45,
69,,,B19,45,
69,,,B20,45,
69,,,B21,45,
69,,,B22,45,
69,,,B23,45,
69,,,B24,45,
69,,,C1,45,
69,,,C2,45,
69,,,C3,45,
69,,,C4,45,
69,,,C5,45,
69,,,C6,45,
69,,,C7,45,
69,,,C8,45,
69,,,C9,45,
69,,,C10,45,
69,,,C11,45,
69,,,C12,45,
69,,,C13,45,
69,,,C14,45,
69,,,C15,45,
69,,,C16,45,
69,,,C17,45,
69,,,C18,45,
69,,,C19,45,
69,,,C20,45,
69,,,C21,45,
69,,,C22,45,
69,,,C23,45,
69,,,C24,45,
69,,,D1,45,
69,,,D2,45,
69,,,D3,45,
69,,,D4,45,
69,,,D5,45,
69,,,D6,45,
69,,,D7,45,
69,,,D8,45,
69,,,D9,45,
69,,,D10,45,
69,,,D11,45,
69,,,D12,45,
69,,,D13,45,
69,,,D14,45,
69,,,D15,45,
69,,,D16,45,
69,,,D17,45,
69,,,D18,45,
69,,,D19,45,
69,,,D20,45,
69,,,D21,45,
69,,,D22,45,
69,,,D23,45,
69,,,D24,45,
69,,,E1,45,
69,,,E2,45,
69,,,E3,45,
69,,,E4,45,
69,,,E5,45,
69,,,E6,45,
69,,,E7,45,
69,,,E8,45,
69,,,E9,45,
69,,,E10,45,
69,,,E11,45,
69,,,E12,45,
69,,,E13,45,
69,,,E14,45,
69,,,E15,45,
69,,,E16,45,
69,,,E17,45,
69,,,E18,45,
69,,,E19,45,
69,,,E20,45,
69,,,E21,45,
69,,,E22,45,
69,,,E23,45,
69,,,E24,45,
69,,,F1,45,
69,,,F2,45,
69,,,F3,45,
69,,,F4,45,
69,,,F5,45,
69,,,F6,45,
69,,,F7,45,
69,,,F8,45,
69,,,F9,45,
69,,,F10,45,
69,,,F11,45,
69,,,F12,45,
69,,,F13,45,
69,,,F14,45,
69,,,F15,45,
69,,,F16,45,
69,,,F17,45,
69,,,F18,45,
69,,,F19,45,
69,,,F20,45,
69,,,F21,45,
69,,,F22,45,
69,,,F23,45,
69,,,F24,45,
69,,,G1,45,
69,,,G2,45,
69,,,G3,45,
69,,,G4,45,
69,,,G5,45,
69,,,G6,45,
69,,,G7,45,
69,,,G8,45,
69,,,G9,45,
69,,,G10,45,
69,,,G11,45,
69,,,G12,45,
69,,,G13,45,
69,,,G14,45,
69,,,G15,45,
69,,,G16,45,
69,,,G17,45,
69,,,G18,45,
69,,,G19,45,
69,,,G20,45,
69,,,G21,45,
69,,,G22,45,
69,,,G23,45,
69,,,G24,45,
69,,,H1,45,
69,,,H2,45,
69,,,H3,45,
69,,,H4,45,
69,,,H5,45,
69,,,H6,45,
69,,,H7,45,
69,,,H8,45,
69,,,H9,45,
69,,,H10,45,
69,,,H11,45,
69,,,H12,45,
69,,,H13,45,
69,,,H14,45,
69,,,H15,45,
69,,,H16,45,
69,,,H17,45,
69,,,H18,45,
69,,,H19,45,
69,,,H20,45,
69,,,H21,45,
69,,,H22,45,
69,,,H23,45,
69,,,H24,45,
69,,,I1,45,
69,,,I2,45,
69,,,I3,45,
69,,,I4,45,
69,,,I5,45,
69,,,I6,45,
69,,,I7,45,
69,,,I8,45,
69,,,I9,45,
69,,,I10,45,
69,,,I11,45,
69,,,I12,45,
69,,,I13,45,
69,,,I14,45,
69,,,I15,45,
69,,,I16,45,
69,,,I17,45,
69,,,I18,45,
69,,,I19,45,
69,,,I20,45,
69,,,I21,45,
69,,,I22,45,
69,,,I23,45,
69,,,I24,45,
69,,,J1,45,
69,,,J2,45,
69,,,J3,45,
69,,,J4,45,
69,,,J5,45,
69,,,J6,45,
69,,,J7,45,
69,,,J8,45,
69,,,J9,45,
69,,,J10,45,
69,,,J11,45,
69,,,J12,45,
69,,,J13,45,
69,,,J14,45,
69,,,J15,45,
69,,,J16,45,
69,,,J17,45,
69,,,J18,45,
69,,,J19,45,
69,,,J20,45,
69,,,J21,45,
69,,,J22,45,
69,,,J23,45,
69,,,J24,45,
69,,,K1,45,
69,,,K2,45,
69,,,K3,45,
69,,,K4,45,
69,,,K5,45,
69,,,K6,45,
69,,,K7,45,
69,,,K8,45,
69,,,K9,45,
69,,,K10,45,
69,,,K11,45,
69,,,K12,45,
69,,,K13,45,
69,,,K14,45,
69,,,K15,45,
69,,,K16,45,
69,,,K17,45,
69,,,K18,45,
69,,,K19,45,
69,,,K20,45,
69,,,K21,45,
69,,,K22,45,
69,,,K23,45,
69,,,K24,45,
69,,,L1,45,
69,,,L2,45,
69,,,L3,45,
69,,,L4,45,
69,,,L5,45,
69,,,L6,45,
69,,,L7,45,
69,,,L8,45,
69,,,L9,45,
69,,,L10,45,
69,,,L11,45,
69,,,L12,45,
69,,,L13,45,
69,,,L14,45,
69,,,L15,45,
69,,,L16,45,
69,,,L17,45,
69,,,L18,45,
69,,,L19,45,
69,,,L20,45,
69,,,L21,45,
69,,,L22,45,
69,,,L23,45,
69,,,L24,45,
69,,,M1,45,
69,,,M2,45,
69,,,M3,45,
69,,,M4,45,
69,,,M5,45,
69,,,M6,45,
69,,,M7,45,
69,,,M8,45,
69,,,M9,45,
69,,,M10,45,
69,,,M11,45,
69,,,M12,45,
69,,,M13,45,
69,,,M14,45,
69,,,M15,45,
69,,,M16,45,
69,,,M17,45,
69,,,M18,45,
69,,,M19,45,
69,,,M20,45,
69,,,M21,45,
69,,,M22,45,
69,,,M23,45,
69,,,M24,45,
69,,,N1,45,
69,,,N2,45,
69,,,N3,45,
69,,,N4,45,
69,,,N5,45,
69,,,N6,45,
69,,,N7,45,
69,,,N8,45,
69,,,N9,45,
69,,,N10,45,
69,,,N11,45,
69,,,N12,45,
69,,,N13,45,
69,,,N14,45,
69,,,N15,45,
69,,,N16,45,
69,,,N17,45,
69,,,N18,45,
69,,,N19,45,
69,,,N20,45,
69,,,N21,45,
69,,,N22,45,
69,,,N23,45,
69,,,N24,45,
69,,,O1,45,
69,,,O2,45,
69,,,O3,45,
69,,,O4,45,
69,,,O5,45,
69,,,O6,45,
69,,,O7,45,
69,,,O8,45,
69,,,O9,45,
69,,,O10,45,
69,,,O11,45,
69,,,O12,45,
69,,,O13,45,
69,,,O14,45,
69,,,O15,45,
69,,,O16,45,
69,,,O17,45,
69,,,O18,45,
69,,,O19,45,
69,,,O20,45,
69,,,O21,45,
69,,,O22,45,
69,,,O23,45,
69,,,O24,45,
69,,,P1,45,
69,,,P2,45,
69,,,P3,45,
69,,,P4,45,
69,,,P5,45,
69,,,P6,45,
69,,,P7,45,
69,,,P8,45,
69,,,P9,45,
69,,,P10,45,
69,,,P11,45,
69,,,P12,45,
69,,,P13,45,
69,,,P14,45,
69,,,P15,45,
69,,,P16,45,
69,,,P17,45,
69,,,P18,45,
69,,,P19,45,
69,,,P20,45,
69,,,P21,45,
69,,,P22,45,
69,,,P23,45,
69,,,P24,45,
70,,,A1,0,
71,,,A1,45,
71,,,A2,45,
71,,,A3,45,
71,,,A4,45,
71,,,A5,45,
71,,,A6,45,
71,,,A7,45,
71,,,A8,45,
71,,,A9,45,
71,,,A10,45,
71,,,A11,45,
71,,,A12,45,
71,,,A13,45,
71,,,A14,45,
71,,,A15,45,
71,,,A16,45,
71,,,A17,45,
71,,,A18,45,
71,,,A19,45,
71,,,A20,45,
71,,,A21,45,
71,,,A22,45,
71,,,A23,45,
71,,,A24,45,
71,,,B1,45,
71,,,B2,45,
71,,,B3,45,
71,,,B4,45,
71,,,B5,45,
71,,,B6,45,
71,,,B7,45,
71,,,B8,45,
71,,,B9,45,
71,,,B10,45,
71,,,B11,45,
71,,,B12,45,
71,,,B13,45,
71,,,B14,45,
71,,,B15,45,
71,,,B16,45,
71,,,B17,45,
71,,,B18,45,
71,,,B19,45,
71,,,B20,45,
71,,,B21,45,
71,,,B22,45,
71,,,B23,45,
71,,,B24,45,
71,,,C1,45,
71,,,C2,45,
71,,,C3,45,
71,,,C4,45,
71,,,C5,45,
71,,,C6,45,
71,,,C7,45,
71,,,C8,45,
71,,,C9,45,
71,,,C10,45,
71,,,C11,45,
71,,,C12,45,
71,,,C13,45,
71,,,C14,45,
71,,,C15,45,
71,,,C16,45,
71,,,C17,45,
71,,,C18,45,
71,,,C19,45,
71,,,C20,45,
71,,,C21,45,
71,,,C22,45,
71,,,C23,45,
71,,,C24,45,
71,,,D1,45,
71,,,D2,45,
71,,,D3,45,
71,,,D4,45,
71,,,D5,45,
71,,,D6,45,
71,,,D7,45,
71,,,D8,45,
71,,,D9,45,
71,,,D10,45,
71,,,D11,45,
71,,,D12,45,
71,,,D13,45,
71,,,D14,45,
71,,,D15,45,
71,,,D16,45,
71,,,D17,45,
71,,,D18,45,
71,,,D19,45,
71,,,D20,45,
71,,,D21,45,
71,,,D22,45,
71,,,D23,45,
71,,,D24,45,
71,,,E1,45,
71,,,E2,45,
71,,,E3,45,
71,,,E4,45,
71,,,E5,45,
71,,,E6,45,
71,,,E7,45,
71,,,E8,45,
71,,,E9,45,
71,,,E10,45,
71,,,E11,45,
71,,,E12,45,
71,,,E13,45,
71,,,E14,45,
71,,,E15,45,
71,,,E16,45,
71,,,E17,45,
71,,,E18,45,
71,,,E19,45,
71,,,E20,45,
71,,,E21,45,
71,,,E22,45,
71,,,E23,45,
71,,,E24,45,
71,,,F1,45,
71,,,F2,45,
71,,,F3,45,
71,,,F4,45,
71,,,F5,45,
71,,,F6,45,
71,,,F7,45,
71,,,F8,45,
71,,,F9,45,
71,,,F10,45,
71,,,F11,45,
71,,,F12,45,
71,,,F13,45,
71,,,F14,45,
71,,,F15,45,
71,,,F16,45,
71,,,F17,45,
71,,,F18,45,
71,,,F19,45,
71,,,F20,45,
71,,,F21,45,
71,,,F22,45,
71,,,F23,45,
71,,,F24,45,
71,,,G1,45,
71,,,G2,45,
71,,,G3,45,
71,,,G4,45,
71,,,G5,45,
71,,,G6,45,
71,,,G7,45,
71,,,G8,45,
71,,,G9,45,
71,,,G10,45,
71,,,G11,45,
71,,,G12,45,
71,,,G13,45,
71,,,G14,45,
71,,,G15,45,
71,,,G16,45,
71,,,G17,45,
71,,,G18,45,
71,,,G19,45,
71,,,G20,45,
71,,,G21,45,
71,,,G22,45,
71,,,G23,45,
71,,,G24,45,
71,,,H1,45,
71,,,H2,45,
71,,,H3,45,
71,,,H4,45,
71,,,H5,45,
71,,,H6,45,
71,,,H7,45,
71,,,H8,45,
71,,,H9,45,
71,,,H10,45,
71,,,H11,45,
71,,,H12,45,
71,,,H13,45,
71,,,H14,45,
71,,,H15,45,
71,,,H16,45,
71,,,H17,45,
71,,,H18,45,
71,,,H19,45,
71,,,H20,45,
71,,,H21,45,
71,,,H22,45,
71,,,H23,45,
71,,,H24,45,
71,,,I1,45,
71,,,I2,45,
71,,,I3,45,
71,,,I4,45,
71,,,I5,45,
71,,,I6,45,
71,,,I7,45,
71,,,I8,45,
71,,,I9,45,
71,,,I10,45,
71,,,I11,45,
71,,,I12,45,
71,,,I13,45,
71,,,I14,45,
71,,,I15,45,
71,,,I16,45,
71,,,I17,45,
71,,,I18,45,
71,,,I19,45,
71,,,I20,45,
71,,,I21,45,
71,,,I22,45,
71,,,I23,45,
71,,,I24,45,
71,,,J1,45,
71,,,J2,45,
71,,,J3,45,
71,,,J4,45,
71,,,J5,45,
71,,,J6,45,
71,,,J7,45,
71,,,J8,45,
71,,,J9,45,
71,,,J10,45,
71,,,J11,45,
71,,,J12,45,
71,,,J13,45,
71,,,J14,45,
71,,,J15,45,
71,,,J16,45,
71,,,J17,45,
71,,,J18,45,
71,,,J19,45,
71,,,J20,45,
71,,,J21,45,
71,,,J22,45,
71,,,J23,45,
71,,,J24,45,
71,,,K1,45,
71,,,K2,45,
71,,,K3,45,
71,,,K4,45,
71,,,K5,45,
71,,,K6,45,
71,,,K7,45,
71,,,K8,45,
71,,,K9,45,
71,,,K10,45,
71,,,K11,45,
71,,,K12,45,
71,,,K13,45,
71,,,K14,45,
71,,,K15,45,
71,,,K16,45,
71,,,K17,45,
71,,,K18,45,
71,,,K19,45,
71,,,K20,45,
71,,,K21,45,
71,,,K22,45,
71,,,K23,45,
71,,,K24,45,
71,,,L1,45,
71,,,L2,45,
71,,,L3,45,
71,,,L4,45,
71,,,L5,45,
71,,,L6,45,
71,,,L7,45,
71,,,L8,45,
71,,,L9,45,
71,,,L10,45,
71,,,L11,45,
71,,,L12,45,
71,,,L13,45,
71,,,L14,45,
71,,,L15,45,
71,,,L16,45,
71,,,L17,45,
71,,,L18,45,
71,,,L19,45,
71,,,L20,45,
71,,,L21,45,
71,,,L22,45,
71,,,L23,45,
71,,,L24,45,
71,,,M1,45,
71,,,M2,45,
71,,,M3,45,
71,,,M4,45,
71,,,M5,45,
71,,,M6,45,
71,,,M7,45,
71,,,M8,45,
71,,,M9,45,
71,,,M10,45,
71,,,M11,45,
71,,,M12,45,
71,,,M13,45,
71,,,M14,45,
71,,,M15,45,
71,,,M16,45,
71,,,M17,45,
71,,,M18,45,
71,,,M19,45,
71,,,M20,45,
71,,,M21,45,
71,,,M22,45,
71,,,M23,45,
71,,,M24,45,
71,,,N1,45,
71,,,N2,45,
71,,,N3,45,
71,,,N4,45,
71,,,N5,45,
71,,,N6,45,
71,,,N7,45,
71,,,N8,45,
71,,,N9,45,
71,,,N10,45,
71,,,N11,45,
71,,,N12,45,
71,,,N13,45,
71,,,N14,45,
71,,,N15,45,
71,,,N16,45,
71,,,N17,45,
71,,,N18,45,
71,,,N19,45,
71,,,N20,45,
71,,,N21,45,
71,,,N22,45,
71,,,N23,45,
71,,,N24,45,
71,,,O1,45,
71,,,O2,45,
71,,,O3,45,
71,,,O4,45,
71,,,O5,45,
71,,,O6,45,
71,,,O7,45,
71,,,O8,45,
71,,,O9,45,
71,,,O10,45,
71,,,O11,45,
71,,,O12,45,
71,,,O13,45,
71,,,O14,45,
71,,,O15,45,
71,,,O16,45,
71,,,O17,45,
71,,,O18,45,
71,,,O19,45,
71,,,O20,45,
71,,,O21,45,
71,,,O22,45,
71,,,O23,45,
71,,,O24,45,
71,,,P1,45,
71,,,P2,45,
71,,,P3,45,
71,,,P4,45,
71,,,P5,45,
71,,,P6,45,
71,,,P7,45,
71,,,P8,45,
71,,,P9,45,
71,,,P10,45,
71,,,P11,45,
71,,,P12,45,
71,,,P13,45,
71,,,P14,45,
71,,,P15,45,
71,,,P16,45,
71,,,P17,45,
71,,,P18,45,
71,,,P19,45,
71,,,P20,45,
71,,,P21,45,
71,,,P22,45,
71,,,P23,45,
71,,,P24,45,
72,,,A1,0,
73,,,A1,45,
73,,,A2,45,
73,,,A3,45,
73,,,A4,45,
73,,,A5,45,
73,,,A6,45,
73,,,A7,45,
73,,,A8,45,
73,,,A9,45,
73,,,A10,45,
73,,,A11,45,
73,,,A12,45,
73,,,A13,45,
73,,,A14,45,
73,,,A15,45,
73,,,A16,45,
73,,,A17,45,
73,,,A18,45,
73,,,A19,45,
73,,,A20,45,
73,,,A21,45,
73,,,A22,45,
73,,,A23,45,
73,,,A24,45,
73,,,B1,45,
73,,,B2,45,
73,,,B3,45,
73,,,B4,45,
73,,,B5,45,
73,,,B6,45,
73,,,B7,45,
73,,,B8,45,
73,,,B9,45,
73,,,B10,45,
73,,,B11,45,
73,,,B12,45,
73,,,B13,45,
73,,,B14,45,
73,,,B15,45,
73,,,B16,45,
73,,,B17,45,
73,,,B18,45,
73,,,B19,45,
73,,,B20,45,
73,,,B21,45,
73,,,B22,45,
73,,,B23,45,
73,,,B24,45,
73,,,C1,45,
73,,,C2,45,
73,,,C3,45,
73,,,C4,45,
73,,,C5,45,
73,,,C6,45,
73,,,C7,45,
73,,,C8,45,
73,,,C9,45,
73,,,C10,45,
73,,,C11,45,
73,,,C12,45,
73,,,C13,45,
73,,,C14,45,
73,,,C15,45,
73,,,C16,45,
73,,,C17,45,
73,,,C18,45,
73,,,C19,45,
73,,,C20,45,
73,,,C21,45,
73,,,C22,45,
73,,,C23,45,
73,,,C24,45,
73,,,D1,45,
73,,,D2,45,
73,,,D3,45,
73,,,D4,45,
73,,,D5,45,
73,,,D6,45,
73,,,D7,45,
73,,,D8,45,
73,,,D9,45,
73,,,D10,45,
73,,,D11,45,
73,,,D12,45,
73,,,D13,45,
73,,,D14,45,
73,,,D15,45,
73,,,D16,45,
73,,,D17,45,
73,,,D18,45,
73,,,D19,45,
73,,,D20,45,
73,,,D21,45,
73,,,D22,45,
73,,,D23,45,
73,,,D24,45,
73,,,E1,45,
73,,,E2,45,
73,,,E3,45,
73,,,E4,45,
73,,,E5,45,
73,,,E6,45,
73,,,E7,45,
73,,,E8,45,
73,,,E9,45,
73,,,E10,45,
73,,,E11,45,
73,,,E12,45,
73,,,E13,45,
73,,,E14,45,
73,,,E15,45,
73,,,E16,45,
73,,,E17,45,
73,,,E18,45,
73,,,E19,45,
73,,,E20,45,
73,,,E21,45,
73,,,E22,45,
73,,,E23,45,
73,,,E24,45,
73,,,F1,45,
73,,,F2,45,
73,,,F3,45,
73,,,F4,45,
73,,,F5,45,
73,,,F6,45,
73,,,F7,45,
73,,,F8,45,
73,,,F9,45,
73,,,F10,45,
73,,,F11,45,
73,,,F12,45,
73,,,F13,45,
73,,,F14,45,
73,,,F15,45,
73,,,F16,45,
73,,,F17,45,
73,,,F18,45,
73,,,F19,45,
73,,,F20,45,
73,,,F21,45,
73,,,F22,45,
73,,,F23,45,
73,,,F24,45,
73,,,G1,45,
73,,,G2,45,
73,,,G3,45,
73,,,G4,45,
73,,,G5,45,
73,,,G6,45,
73,,,G7,45,
73,,,G8,45,
73,,,G9,45,
73,,,G10,45,
73,,,G11,45,
73,,,G12,45,
73,,,G13,45,
73,,,G14,45,
73,,,G15,45,
73,,,G16,45,
73,,,G17,45,
73,,,G18,45,
73,,,G19,45,
73,,,G20,45,
73,,,G21,45,
73,,,G22,45,
73,,,G23,45,
73,,,G24,45,
73,,,H1,45,
73,,,H2,45,
73,,,H3,45,
73,,,H4,45,
73,,,H5,45,
73,,,H6,45,
73,,,H7,45,
73,,,H8,45,
73,,,H9,45,
73,,,H10,45,
73,,,H11,45,
73,,,H12,45,
73,,,H13,45,
73,,,H14,45,
73,,,H15,45,
73,,,H16,45,
73,,,H17,45,
73,,,H18,45,
73,,,H19,45,
73,,,H20,45,
73,,,H21,45,
73,,,H22,45,
73,,,H23,45,
73,,,H24,45,
73,,,I1,45,
73,,,I2,45,
73,,,I3,45,
73,,,I4,45,
73,,,I5,45,
73,,,I6,45,
73,,,I7,45,
73,,,I8,45,
73,,,I9,45,
73,,,I10,45,
73,,,I11,45,
73,,,I12,45,
73,,,I13,45,
73,,,I14,45,
73,,,I15,45,
73,,,I16,45,
73,,,I17,45,
73,,,I18,45,
73,,,I19,45,
73,,,I20,45,
73,,,I21,45,
73,,,I22,45,
73,,,I23,45,
73,,,I24,45,
73,,,J1,45,
73,,,J2,45,
73,,,J3,45,
73,,,J4,45,
73,,,J5,45,
73,,,J6,45,
73,,,J7,45,
73,,,J8,45,
73,,,J9,45,
73,,,J10,45,
73,,,J11,45,
73,,,J12,45,
73,,,J13,45,
73,,,J14,45,
73,,,J15,45,
73,,,J16,45,
73,,,J17,45,
73,,,J18,45,
73,,,J19,45,
73,,,J20,45,
73,,,J21,45,
73,,,J22,45,
73,,,J23,45,
73,,,J24,45,
73,,,K1,45,
73,,,K2,45,
73,,,K3,45,
73,,,K4,45,
73,,,K5,45,
73,,,K6,45,
73,,,K7,45,
73,,,K8,45,
73,,,K9,45,
73,,,K10,45,
73,,,K11,45,
73,,,K12,45,
73,,,K13,45,
73,,,K14,45,
73,,,K15,45,
73,,,K16,45,
73,,,K17,45,
73,,,K18,45,
73,,,K19,45,
73,,,K20,45,
73,,,K21,45,
73,,,K22,45,
73,,,K23,45,
73,,,K24,45,
73,,,L1,45,
73,,,L2,45,
73,,,L3,45,
73,,,L4,45,
73,,,L5,45,
73,,,L6,45,
73,,,L7,45,
73,,,L8,45,
73,,,L9,45,
73,,,L10,45,
73,,,L11,45,
73,,,L12,45,
73,,,L13,45,
73,,,L14,45,
73,,,L15,45,
73,,,L16,45,
73,,,L17,45,
73,,,L18,45,
73,,,L19,45,
73,,,L20,45,
73,,,L21,45,
73,,,L22,45,
73,,,L23,45,
73,,,L24,45,
73,,,M1,45,
73,,,M2,45,
73,,,M3,45,
73,,,M4,45,
73,,,M5,45,
73,,,M6,45,
73,,,M7,45,
73,,,M8,45,
73,,,M9,45,
73,,,M10,45,
73,,,M11,45,
73,,,M12,45,
73,,,M13,45,
73,,,M14,45,
73,,,M15,45,
73,,,M16,45,
73,,,M17,45,
73,,,M18,45,
73,,,M19,45,
73,,,M20,45,
73,,,M21,45,
73,,,M22,45,
73,,,M23,45,
73,,,M24,45,
73,,,N1,45,
73,,,N2,45,
73,,,N3,45,
73,,,N4,45,
73,,,N5,45,
73,,,N6,45,
73,,,N7,45,
73,,,N8,45,
73,,,N9,45,
73,,,N10,45,
73,,,N11,45,
73,,,N12,45,
73,,,N13,45,
73,,,N14,45,
73,,,N15,45,
73,,,N16,45,
73,,,N17,45,
73,,,N18,45,
73,,,N19,45,
73,,,N20,45,
73,,,N21,45,
73,,,N22,45,
73,,,N23,45,
73,,,N24,45,
73,,,O1,45,
73,,,O2,45,
73,,,O3,45,
73,,,O4,45,
73,,,O5,45,
73,,,O6,45,
73,,,O7,45,
73,,,O8,45,
73,,,O9,45,
73,,,O10,45,
73,,,O11,45,
73,,,O12,45,
73,,,O13,45,
73,,,O14,45,
73,,,O15,45,
73,,,O16,45,
73,,,O17,45,
73,,,O18,45,
73,,,O19,45,
73,,,O20,45,
73,,,O21,45,
73,,,O22,45,
73,,,O23,45,
73,,,O24,45,
73,,,P1,45,
73,,,P2,45,
73,,,P3,45,
73,,,P4,45,
73,,,P5,45,
73,,,P6,45,
73,,,P7,45,
73,,,P8,45,
73,,,P9,45,
73,,,P10,45,
73,,,P11,45,
73,,,P12,45,
73,,,P13,45,
73,,,P14,45,
73,,,P15,45,
73,,,P16,45,
73,,,P17,45,
73,,,P18,45,
73,,,P19,45,
73,,,P20,45,
73,,,P21,45,
73,,,P22,45,
73,,,P23,45,
73,,,P24,45,
74,,,A1,0,
75,,,A1,45,
75,,,A2,45,
75,,,A3,45,
75,,,A4,45,
75,,,A5,45,
75,,,A6,45,
75,,,A7,45,
75,,,A8,45,
75,,,A9,45,
75,,,A10,45,
75,,,A11,45,
75,,,A12,45,
75,,,A13,45,
75,,,A14,45,
75,,,A15,45,
75,,,A16,45,
75,,,A17,45,
75,,,A18,45,
75,,,A19,45,
75,,,A20,45,
75,,,A21,45,
75,,,A22,45,
75,,,A23,45,
75,,,A24,45,
75,,,B1,45,
75,,,B2,45,
75,,,B3,45,
75,,,B4,45,
75,,,B5,45,
75,,,B6,45,
75,,,B7,45,
75,,,B8,45,
75,,,B9,45,
75,,,B10,45,
75,,,B11,45,
75,,,B12,45,
75,,,B13,45,
75,,,B14,45,
75,,,B15,45,
75,,,B16,45,
75,,,B17,45,
75,,,B18,45,
75,,,B19,45,
75,,,B20,45,
75,,,B21,45,
75,,,B22,45,
75,,,B23,45,
75,,,B24,45,
75,,,C1,45,
75,,,C2,45,
75,,,C3,45,
75,,,C4,45,
75,,,C5,45,
75,,,C6,45,
75,,,C7,45,
75,,,C8,45,
75,,,C9,45,
75,,,C10,45,
75,,,C11,45,
75,,,C12,45,
75,,,C13,45,
75,,,C14,45,
75,,,C15,45,
75,,,C16,45,
75,,,C17,45,
75,,,C18,45,
75,,,C19,45,
75,,,C20,45,
75,,,C21,45,
75,,,C22,45,
75,,,C23,45,
75,,,C24,45,
75,,,D1,45,
75,,,D2,45,
75,,,D3,45,
75,,,D4,45,
75,,,D5,45,
75,,,D6,45,
75,,,D7,45,
75,,,D8,45,
75,,,D9,45,
75,,,D10,45,
75,,,D11,45,
75,,,D12,45,
75,,,D13,45,
75,,,D14,45,
75,,,D15,45,
75,,,D16,45,
75,,,D17,45,
75,,,D18,45,
75,,,D19,45,
75,,,D20,45,
75,,,D21,45,
75,,,D22,45,
75,,,D23,45,
75,,,D24,45,
75,,,E1,45,
75,,,E2,45,
75,,,E3,45,
75,,,E4,45,
75,,,E5,45,
75,,,E6,45,
75,,,E7,45,
75,,,E8,45,
75,,,E9,45,
75,,,E10,45,
75,,,E11,45,
75,,,E12,45,
75,,,E13,45,
75,,,E14,45,
75,,,E15,45,
75,,,E16,45,
75,,,E17,45,
75,,,E18,45,
75,,,E19,45,
75,,,E20,45,
75,,,E21,45,
75,,,E22,45,
75,,,E23,45,
75,,,E24,45,
75,,,F1,45,
75,,,F2,45,
75,,,F3,45,
75,,,F4,45,
75,,,F5,45,
75,,,F6,45,
75,,,F7,45,
75,,,F8,45,
75,,,F9,45,
75,,,F10,45,
75,,,F11,45,
75,,,F12,45,
75,,,F13,45,
75,,,F14,45,
75,,,F15,45,
75,,,F16,45,
75,,,F17,45,
75,,,F18,45,
75,,,F19,45,
75,,,F20,45,
75,,,F21,45,
75,,,F22,45,
75,,,F23,45,
75,,,F24,45,
75,,,G1,45,
75,,,G2,45,
75,,,G3,45,
75,,,G4,45,
75,,,G5,45,
75,,,G6,45,
75,,,G7,45,
75,,,G8,45,
75,,,G9,45,
75,,,G10,45,
75,,,G11,45,
75,,,G12,45,
75,,,G13,45,
75,,,G14,45,
75,,,G15,45,
75,,,G16,45,
75,,,G17,45,
75,,,G18,45,
75,,,G19,45,
75,,,G20,45,
75,,,G21,45,
75,,,G22,45,
75,,,G23,45,
75,,,G24,45,
75,,,H1,45,
75,,,H2,45,
75,,,H3,45,
75,,,H4,45,
75,,,H5,45,
75,,,H6,45,
75,,,H7,45,
75,,,H8,45,
75,,,H9,45,
75,,,H10,45,
75,,,H11,45,
75,,,H12,45,
75,,,H13,45,
75,,,H14,45,
75,,,H15,45,
75,,,H16,45,
75,,,H17,45,
75,,,H18,45,
75,,,H19,45,
75,,,H20,45,
75,,,H21,45,
75,,,H22,45,
75,,,H23,45,
75,,,H24,45,
75,,,I1,45,
75,,,I2,45,
75,,,I3,45,
75,,,I4,45,
75,,,I5,45,
75,,,I6,45,
75,,,I7,45,
75,,,I8,45,
75,,,I9,45,
75,,,I10,45,
75,,,I11,45,
75,,,I12,45,
75,,,I13,45,
75,,,I14,45,
75,,,I15,45,
75,,,I16,45,
75,,,I17,45,
75,,,I18,45,
75,,,I19,45,
75,,,I20,45,
75,,,I21,45,
75,,,I22,45,
75,,,I23,45,
75,,,I24,45,
75,,,J1,45,
75,,,J2,45,
75,,,J3,45,
75,,,J4,45,
75,,,J5,45,
75,,,J6,45,
75,,,J7,45,
75,,,J8,45,
75,,,J9,45,
75,,,J10,45,
75,,,J11,45,
75,,,J12,45,
75,,,J13,45,
75,,,J14,45,
75,,,J15,45,
75,,,J16,45,
75,,,J17,45,
75,,,J18,45,
75,,,J19,45,
75,,,J20,45,
75,,,J21,45,
75,,,J22,45,
75,,,J23,45,
75,,,J24,45,
75,,,K1,45,
75,,,K2,45,
75,,,K3,45,
75,,,K4,45,
75,,,K5,45,
75,,,K6,45,
75,,,K7,45,
75,,,K8,45,
75,,,K9,45,
75,,,K10,45,
75,,,K11,45,
75,,,K12,45,
75,,,K13,45,
75,,,K14,45,
75,,,K15,45,
75,,,K16,45,
75,,,K17,45,
75,,,K18,45,
75,,,K19,45,
75,,,K20,45,
75,,,K21,45,
75,,,K22,45,
75,,,K23,45,
75,,,K24,45,
75,,,L1,45,
75,,,L2,45,
75,,,L3,45,
75,,,L4,45,
75,,,L5,45,
75,,,L6,45,
75,,,L7,45,
75,,,L8,45,
75,,,L9,45,
75,,,L10,45,
75,,,L11,45,
75,,,L12,45,
75,,,L13,45,
75,,,L14,45,
75,,,L15,45,
75,,,L16,45,
75,,,L17,45,
75,,,L18,45,
75,,,L19,45,
75,,,L20,45,
75,,,L21,45,
75,,,L22,45,
75,,,L23,45,
75,,,L24,45,
75,,,M1,45,
75,,,M2,45,
75,,,M3,45,
75,,,M4,45,
75,,,M5,45,
75,,,M6,45,
75,,,M7,45,
75,,,M8,45,
75,,,M9,45,
75,,,M10,45,
75,,,M11,45,
75,,,M12,45,
75,,,M13,45,
75,,,M14,45,
75,,,M15,45,
75,,,M16,45,
75,,,M17,45,
75,,,M18,45,
75,,,M19,45,
75,,,M20,45,
75,,,M21,45,
75,,,M22,45,
75,,,M23,45,
75,,,M24,45,
75,,,N1,45,
75,,,N2,45,
75,,,N3,45,
75,,,N4,45,
75,,,N5,45,
75,,,N6,45,
75,,,N7,45,
75,,,N8,45,
75,,,N9,45,
75,,,N10,45,
75,,,N11,45,
75,,,N12,45,
75,,,N13,45,
75,,,N14,45,
75,,,N15,45,
75,,,N16,45,
75,,,N17,45,
75,,,N18,45,
75,,,N19,45,
75,,,N20,45,
75,,,N21,45,
75,,,N22,45,
75,,,N23,45,
75,,,N24,45,
75,,,O1,45,
75,,,O2,45,
75,,,O3,45,
75,,,O4,45,
75,,,O5,45,
75,,,O6,45,
75,,,O7,45,
75,,,O8,45,
75,,,O9,45,
75,,,O10,45,
75,,,O11,45,
75,,,O12,45,
75,,,O13,45,
75,,,O14,45,
75,,,O15,45,
75,,,O16,45,
75,,,O17,45,
75,,,O18,45,
75,,,O19,45,
75,,,O20,45,
75,,,O21,45,
75,,,O22,45,
75,,,O23,45,
75,,,O24,45,
75,,,P1,45,
75,,,P2,45,
75,,,P3,45,
75,,,P4,45,
75,,,P5,45,
75,,,P6,45,
75,,,P7,45,
75,,,P8,45,
75,,,P9,45,
75,,,P10,45,
75,,,P11,45,
75,,,P12,45,
75,,,P13,45,
75,,,P14,45,
75,,,P15,45,
75,,,P16,45,
75,,,P17,45,
75,,,P18,45,
75,,,P19,45,
75,,,P20,45,
75,,,P21,45,
75,,,P22,45,
75,,,P23,45,
75,,,P24,45,
76,,,A1,0,
77,,,A1,45,
77,,,A2,45,
77,,,A3,45,
77,,,A4,45,
77,,,A5,45,
77,,,A6,45,
77,,,A7,45,
77,,,A8,45,
77,,,A9,45,
77,,,A10,45,
77,,,A11,45,
77,,,A12,45,
77,,,A13,45,
77,,,A14,45,
77,,,A15,45,
77,,,A16,45,
77,,,A17,45,
77,,,A18,45,
77,,,A19,45,
77,,,A20,45,
77,,,A21,45,
77,,,A22,45,
77,,,A23,45,
77,,,A24,45,
77,,,B1,45,
77,,,B2,45,
77,,,B3,45,
77,,,B4,45,
77,,,B5,45,
77,,,B6,45,
77,,,B7,45,
77,,,B8,45,
77,,,B9,45,
77,,,B10,45,
77,,,B11,45,
77,,,B12,45,
77,,,B13,45,
77,,,B14,45,
77,,,B15,45,
77,,,B16,45,
77,,,B17,45,
77,,,B18,45,
77,,,B19,45,
77,,,B20,45,
77,,,B21,45,
77,,,B22,45,
77,,,B23,45,
77,,,B24,45,
77,,,C1,45,
77,,,C2,45,
77,,,C3,45,
77,,,C4,45,
77,,,C5,45,
77,,,C6,45,
77,,,C7,45,
77,,,C8,45,
77,,,C9,45,
77,,,C10,45,
77,,,C11,45,
77,,,C12,45,
77,,,C13,45,
77,,,C14,45,
77,,,C15,45,
77,,,C16,45,
77,,,C17,45,
77,,,C18,45,
77,,,C19,45,
77,,,C20,45,
77,,,C21,45,
77,,,C22,45,
77,,,C23,45,
77,,,C24,45,
77,,,D1,45,
77,,,D2,45,
77,,,D3,45,
77,,,D4,45,
77,,,D5,45,
77,,,D6,45,
77,,,D7,45,
77,,,D8,45,
77,,,D9,45,
77,,,D10,45,
77,,,D11,45,
77,,,D12,45,
77,,,D13,45,
77,,,D14,45,
77,,,D15,45,
77,,,D16,45,
77,,,D17,45,
77,,,D18,45,
77,,,D19,45,
77,,,D20,45,
77,,,D21,45,
77,,,D22,45,
77,,,D23,45,
77,,,D24,45,
77,,,E1,45,
77,,,E2,45,
77,,,E3,45,
77,,,E4,45,
77,,,E5,45,
77,,,E6,45,
77,,,E7,45,
77,,,E8,45,
77,,,E9,45,
77,,,E10,45,
77,,,E11,45,
77,,,E12,45,
77,,,E13,45,
77,,,E14,45,
77,,,E15,45,
77,,,E16,45,
77,,,E17,45,
77,,,E18,45,
77,,,E19,45,
77,,,E20,45,
77,,,E21,45,
77,,,E22,45,
77,,,E23,45,
77,,,E24,45,
77,,,F1,45,
77,,,F2,45,
77,,,F3,45,
77,,,F4,45,
77,,,F5,45,
77,,,F6,45,
77,,,F7,45,
77,,,F8,45,
77,,,F9,45,
77,,,F10,45,
77,,,F11,45,
77,,,F12,45,
77,,,F13,45,
77,,,F14,45,
77,,,F15,45,
77,,,F16,45,
77,,,F17,45,
77,,,F18,45,
77,,,F19,45,
77,,,F20,45,
77,,,F21,45,
77,,,F22,45,
77,,,F23,45,
77,,,F24,45,
77,,,G1,45,
77,,,G2,45,
77,,,G3,45,
77,,,G4,45,
77,,,G5,45,
77,,,G6,45,
77,,,G7,45,
77,,,G8,45,
77,,,G9,45,
77,,,G10,45,
77,,,G11,45,
77,,,G12,45,
77,,,G13,45,
77,,,G14,45,
77,,,G15,45,
77,,,G16,45,
77,,,G17,45,
77,,,G18,45,
77,,,G19,45,
77,,,G20,45,
77,,,G21,45,
77,,,G22,45,
77,,,G23,45,
77,,,G24,45,
77,,,H1,45,
77,,,H2,45,
77,,,H3,45,
77,,,H4,45,
77,,,H5,45,
77,,,H6,45,
77,,,H7,45,
77,,,H8,45,
77,,,H9,45,
77,,,H10,45,
77,,,H11,45,
77,,,H12,45,
77,,,H13,45,
77,,,H14,45,
77,,,H15,45,
77,,,H16,45,
77,,,H17,45,
77,,,H18,45,
77,,,H19,45,
77,,,H20,45,
77,,,H21,45,
77,,,H22,45,
77,,,H23,45,
77,,,H24,45,
77,,,I1,45,
77,,,I2,45,
77,,,I3,45,
77,,,I4,45,
77,,,I5,45,
77,,,I6,45,
77,,,I7,45,
77,,,I8,45,
77,,,I9,45,
77,,,I10,45,
77,,,I11,45,
77,,,I12,45,
77,,,I13,45,
77,,,I14,45,
77,,,I15,45,
77,,,I16,45,
77,,,I17,45,
77,,,I18,45,
77,,,I19,45,
77,,,I20,45,
77,,,I21,45,
77,,,I22,45,
77,,,I23,45,
77,,,I24,45,
77,,,J1,45,
77,,,J2,45,
77,,,J3,45,
77,,,J4,45,
77,,,J5,45,
77,,,J6,45,
77,,,J7,45,
77,,,J8,45,
77,,,J9,45,
77,,,J10,45,
77,,,J11,45,
77,,,J12,45,
77,,,J13,45,
77,,,J14,45,
77,,,J15,45,
77,,,J16,45,
77,,,J17,45,
77,,,J18,45,
77,,,J19,45,
77,,,J20,45,
77,,,J21,45,
77,,,J22,45,
77,,,J23,45,
77,,,J24,45,
77,,,K1,45,
77,,,K2,45,
77,,,K3,45,
77,,,K4,45,
77,,,K5,45,
77,,,K6,45,
77,,,K7,45,
77,,,K8,45,
77,,,K9,45,
77,,,K10,45,
77,,,K11,45,
77,,,K12,45,
77,,,K13,45,
77,,,K14,45,
77,,,K15,45,
77,,,K16,45,
77,,,K17,45,
77,,,K18,45,
77,,,K19,45,
77,,,K20,45,
77,,,K21,45,
77,,,K22,45,
77,,,K23,45,
77,,,K24,45,
77,,,L1,45,
77,,,L2,45,
77,,,L3,45,
77,,,L4,45,
77,,,L5,45,
77,,,L6,45,
77,,,L7,45,
77,,,L8,45,
77,,,L9,45,
77,,,L10,45,
77,,,L11,45,
77,,,L12,45,
77,,,L13,45,
77,,,L14,45,
77,,,L15,45,
77,,,L16,45,
77,,,L17,45,
77,,,L18,45,
77,,,L19,45,
77,,,L20,45,
77,,,L21,45,
77,,,L22,45,
77,,,L23,45,
77,,,L24,45,
77,,,M1,45,
77,,,M2,45,
77,,,M3,45,
77,,,M4,45,
77,,,M5,45,
77,,,M6,45,
77,,,M7,45,
77,,,M8,45,
77,,,M9,45,
77,,,M10,45,
77,,,M11,45,
77,,,M12,45,
77,,,M13,45,
77,,,M14,45,
77,,,M15,45,
77,,,M16,45,
77,,,M17,45,
77,,,M18,45,
77,,,M19,45,
77,,,M20,45,
77,,,M21,45,
77,,,M22,45,
77,,,M23,45,
77,,,M24,45,
77,,,N1,45,
77,,,N2,45,
77,,,N3,45,
77,,,N4,45,
77,,,N5,45,
77,,,N6,45,
77,,,N7,45,
77,,,N8,45,
77,,,N9,45,
77,,,N10,45,
77,,,N11,45,
77,,,N12,45,
77,,,N13,45,
77,,,N14,45,
77,,,N15,45,
77,,,N16,45,
77,,,N17,45,
77,,,N18,45,
77,,,N19,45,
77,,,N20,45,
77,,,N21,45,
77,,,N22,45,
77,,,N23,45,
77,,,N24,45,
77,,,O1,45,
77,,,O2,45,
77,,,O3,45,
77,,,O4,45,
77,,,O5,45,
77,,,O6,45,
77,,,O7,45,
77,,,O8,45,
77,,,O9,45,
77,,,O10,45,
77,,,O11,45,
77,,,O12,45,
77,,,O13,45,
77,,,O14,45,
77,,,O15,45,
77,,,O16,45,
77,,,O17,45,
77,,,O18,45,
77,,,O19,45,
77,,,O20,45,
77,,,O21,45,
77,,,O22,45,
77,,,O23,45,
77,,,O24,45,
77,,,P1,45,
77,,,P2,45,
77,,,P3,45,
77,,,P4,45,
77,,,P5,45,
77,,,P6,45,
77,,,P7,45,
77,,,P8,45,
77,,,P9,45,
77,,,P10,45,
77,,,P11,45,
77,,,P12,45,
77,,,P13,45,
77,,,P14,45,
77,,,P15,45,
77,,,P16,45,
77,,,P17,45,
77,,,P18,45,
77,,,P19,45,
77,,,P20,45,
77,,,P21,45,
77,,,P22,45,
77,,,P23,45,
77,,,P24,45,
78,,,A1,0,
79,,,A1,45,
79,,,A2,45,
79,,,A3,45,
79,,,A4,45,
79,,,A5,45,
79,,,A6,45,
79,,,A7,45,
79,,,A8,45,
79,,,A9,45,
79,,,A10,45,
79,,,A11,45,
79,,,A12,45,
79,,,A13,45,
79,,,A14,45,
79,,,A15,45,
79,,,A16,45,
79,,,A17,45,
79,,,A18,45,
79,,,A19,45,
79,,,A20,45,
79,,,A21,45,
79,,,A22,45,
79,,,A23,45,
79,,,A24,45,
79,,,B1,45,
79,,,B2,45,
79,,,B3,45,
79,,,B4,45,
79,,,B5,45,
79,,,B6,45,
79,,,B7,45,
79,,,B8,45,
79,,,B9,45,
79,,,B10,45,
79,,,B11,45,
79,,,B12,45,
79,,,B13,45,
79,,,B14,45,
79,,,B15,45,
79,,,B16,45,
79,,,B17,45,
79,,,B18,45,
79,,,B19,45,
79,,,B20,45,
79,,,B21,45,
79,,,B22,45,
79,,,B23,45,
79,,,B24,45,
79,,,C1,45,
79,,,C2,45,
79,,,C3,45,
79,,,C4,45,
79,,,C5,45,
79,,,C6,45,
79,,,C7,45,
79,,,C8,45,
79,,,C9,45,
79,,,C10,45,
79,,,C11,45,
79,,,C12,45,
79,,,C13,45,
79,,,C14,45,
79,,,C15,45,
79,,,C16,45,
79,,,C17,45,
79,,,C18,45,
79,,,C19,45,
79,,,C20,45,
79,,,C21,45,
79,,,C22,45,
79,,,C23,45,
79,,,C24,45,
79,,,D1,45,
79,,,D2,45,
79,,,D3,45,
79,,,D4,45,
79,,,D5,45,
79,,,D6,45,
79,,,D7,45,
79,,,D8,45,
79,,,D9,45,
79,,,D10,45,
79,,,D11,45,
79,,,D12,45,
79,,,D13,45,
79,,,D14,45,
79,,,D15,45,
79,,,D16,45,
79,,,D17,45,
79,,,D18,45,
79,,,D19,45,
79,,,D20,45,
79,,,D21,45,
79,,,D22,45,
79,,,D23,45,
79,,,D24,45,
79,,,E1,45,
79,,,E2,45,
79,,,E3,45,
79,,,E4,45,
79,,,E5,45,
79,,,E6,45,
79,,,E7,45,
79,,,E8,45,
79,,,E9,45,
79,,,E10,45,
79,,,E11,45,
79,,,E12,45,
79,,,E13,45,
79,,,E14,45,
79,,,E15,45,
79,,,E16,45,
79,,,E17,45,
79,,,E18,45,
79,,,E19,45,
79,,,E20,45,
79,,,E21,45,
79,,,E22,45,
79,,,E23,45,
79,,,E24,45,
79,,,F1,45,
79,,,F2,45,
79,,,F3,45,
79,,,F4,45,
79,,,F5,45,
79,,,F6,45,
79,,,F7,45,
79,,,F8,45,
79,,,F9,45,
79,,,F10,45,
79,,,F11,45,
79,,,F12,45,
79,,,F13,45,
79,,,F14,45,
79,,,F15,45,
79,,,F16,45,
79,,,F17,45,
79,,,F18,45,
79,,,F19,45,
79,,,F20,45,
79,,,F21,45,
79,,,F22,45,
79,,,F23,45,
79,,,F24,45,
79,,,G1,45,
79,,,G2,45,
79,,,G3,45,
79,,,G4,45,
79,,,G5,45,
79,,,G6,45,
79,,,G7,45,
79,,,G8,45,
79,,,G9,45,
79,,,G10,45,
79,,,G11,45,
79,,,G12,45,
79,,,G13,45,
79,,,G14,45,
79,,,G15,45,
79,,,G16,45,
79,,,G17,45,
79,,,G18,45,
79,,,G19,45,
79,,,G20,45,
79,,,G21,45,
79,,,G22,45,
79,,,G23,45,
79,,,G24,45,
79,,,H1,45,
79,,,H2,45,
79,,,H3,45,
79,,,H4,45,
79,,,H5,45,
79,,,H6,45,
79,,,H7,45,
79,,,H8,45,
79,,,H9,45,
79,,,H10,45,
79,,,H11,45,
79,,,H12,45,
79,,,H13,45,
79,,,H14,45,
79,,,H15,45,
79,,,H16,45,
79,,,H17,45,
79,,,H18,45,
79,,,H19,45,
79,,,H20,45,
79,,,H21,45,
79,,,H22,45,
79,,,H23,45,
79,,,H24,45,
79,,,I1,45,
79,,,I2,45,
79,,,I3,45,
79,,,I4,45,
79,,,I5,45,
79,,,I6,45,
79,,,I7,45,
79,,,I8,45,
79,,,I9,45,
79,,,I10,45,
79,,,I11,45,
79,,,I12,45,
79,,,I13,45,
79,,,I14,45,
79,,,I15,45,
79,,,I16,45,
79,,,I17,45,
79,,,I18,45,
79,,,I19,45,
79,,,I20,45,
79,,,I21,45,
79,,,I22,45,
79,,,I23,45,
79,,,I24,45,
79,,,J1,45,
79,,,J2,45,
79,,,J3,45,
79,,,J4,45,
79,,,J5,45,
79,,,J6,45,
79,,,J7,45,
79,,,J8,45,
79,,,J9,45,
79,,,J10,45,
79,,,J11,45,
79,,,J12,45,
79,,,J13,45,
79,,,J14,45,
79,,,J15,45,
79,,,J16,45,
79,,,J17,45,
79,,,J18,45,
79,,,J19,45,
79,,,J20,45,
79,,,J21,45,
79,,,J22,45,
79,,,J23,45,
79,,,J24,45,
79,,,K1,45,
79,,,K2,45,
79,,,K3,45,
79,,,K4,45,
79,,,K5,45,
79,,,K6,45,
79,,,K7,45,
79,,,K8,45,
79,,,K9,45,
79,,,K10,45,
79,,,K11,45,
79,,,K12,45,
79,,,K13,45,
79,,,K14,45,
79,,,K15,45,
79,,,K16,45,
79,,,K17,45,
79,,,K18,45,
79,,,K19,45,
79,,,K20,45,
79,,,K21,45,
79,,,K22,45,
79,,,K23,45,
79,,,K24,45,
79,,,L1,45,
79,,,L2,45,
79,,,L3,45,
79,,,L4,45,
79,,,L5,45,
79,,,L6,45,
79,,,L7,45,
79,,,L8,45,
79,,,L9,45,
79,,,L10,45,
79,,,L11,45,
79,,,L12,45,
79,,,L13,45,
79,,,L14,45,
79,,,L15,45,
79,,,L16,45,
79,,,L17,45,
79,,,L18,45,
79,,,L19,45,
79,,,L20,45,
79,,,L21,45,
79,,,L22,45,
79,,,L23,45,
79,,,L24,45,
79,,,M1,45,
79,,,M2,45,
79,,,M3,45,
79,,,M4,45,
79,,,M5,45,
79,,,M6,45,
79,,,M7,45,
79,,,M8,45,
79,,,M9,45,
79,,,M10,45,
79,,,M11,45,
79,,,M12,45,
79,,,M13,45,
79,,,M14,45,
79,,,M15,45,
79,,,M16,45,
79,,,M17,45,
79,,,M18,45,
79,,,M19,45,
79,,,M20,45,
79,,,M21,45,
79,,,M22,45,
79,,,M23,45,
79,,,M24,45,
79,,,N1,45,
79,,,N2,45,
79,,,N3,45,
79,,,N4,45,
79,,,N5,45,
79,,,N6,45,
79,,,N7,45,
79,,,N8,45,
79,,,N9,45,
79,,,N10,45,
79,,,N11,45,
79,,,N12,45,
79,,,N13,45,
79,,,N14,45,
79,,,N15,45,
79,,,N16,45,
79,,,N17,45,
79,,,N18,45,
79,,,N19,45,
79,,,N20,45,
79,,,N21,45,
79,,,N22,45,
79,,,N23,45,
79,,,N24,45,
79,,,O1,45,
79,,,O2,45,
79,,,O3,45,
79,,,O4,45,
79,,,O5,45,
79,,,O6,45,
79,,,O7,45,
79,,,O8,45,
79,,,O9,45,
79,,,O10,45,
79,,,O11,45,
79,,,O12,45,
79,,,O13,45,
79,,,O14,45,
79,,,O15,45,
79,,,O16,45,
79,,,O17,45,
79,,,O18,45,
79,,,O19,45,
79,,,O20,45,
79,,,O21,45,
79,,,O22,45,
79,,,O23,45,
79,,,O24,45,
79,,,P1,45,
79,,,P2,45,
79,,,P3,45,
79,,,P4,45,
79,,,P5,45,
79,,,P6,45,
79,,,P7,45,
79,,,P8,45,
79,,,P9,45,
79,,,P10,45,
79,,,P11,45,
79,,,P12,45,
79,,,P13,45,
79,,,P14,45,
79,,,P15,45,
79,,,P16,45,
79,,,P17,45,
79,,,P18,45,
79,,,P19,45,
79,,,P20,45,
79,,,P21,45,
79,,,P22,45,
79,,,P23,45,
79,,,P24,45,
80,,,A1,0,
81,,,A1,45,
81,,,A2,45,
81,,,A3,45,
81,,,A4,45,
81,,,A5,45,
81,,,A6,45,
81,,,A7,45,
81,,,A8,45,
81,,,A9,45,
81,,,A10,45,
81,,,A11,45,
81,,,A12,45,
81,,,A13,45,
81,,,A14,45,
81,,,A15,45,
81,,,A16,45,
81,,,A17,45,
81,,,A18,45,
81,,,A19,45,
81,,,A20,45,
81,,,A21,45,
81,,,A22,45,
81,,,A23,45,
81,,,A24,45,
81,,,B1,45,
81,,,B2,45,
81,,,B3,45,
81,,,B4,45,
81,,,B5,45,
81,,,B6,45,
81,,,B7,45,
81,,,B8,45,
81,,,B9,45,
81,,,B10,45,
81,,,B11,45,
81,,,B12,45,
81,,,B13,45,
81,,,B14,45,
81,,,B15,45,
81,,,B16,45,
81,,,B17,45,
81,,,B18,45,
81,,,B19,45,
81,,,B20,45,
81,,,B21,45,
81,,,B22,45,
81,,,B23,45,
81,,,B24,45,
81,,,C1,45,
81,,,C2,45,
81,,,C3,45,
81,,,C4,45,
81,,,C5,45,
81,,,C6,45,
81,,,C7,45,
81,,,C8,45,
81,,,C9,45,
81,,,C10,45,
81,,,C11,45,
81,,,C12,45,
81,,,C13,45,
81,,,C14,45,
81,,,C15,45,
81,,,C16,45,
81,,,C17,45,
81,,,C18,45,
81,,,C19,45,
81,,,C20,45,
81,,,C21,45,
81,,,C22,45,
81,,,C23,45,
81,,,C24,45,
81,,,D1,45,
81,,,D2,45,
81,,,D3,45,
81,,,D4,45,
81,,,D5,45,
81,,,D6,45,
81,,,D7,45,
81,,,D8,45,
81,,,D9,45,
81,,,D10,45,
81,,,D11,45,
81,,,D12,45,
81,,,D13,45,
81,,,D14,45,
81,,,D15,45,
81,,,D16,45,
81,,,D17,45,
81,,,D18,45,
81,,,D19,45,
81,,,D20,45,
81,,,D21,45,
81,,,D22,45,
81,,,D23,45,
81,,,D24,45,
81,,,E1,45,
81,,,E2,45,
81,,,E3,45,
81,,,E4,45,
81,,,E5,45,
81,,,E6,45,
81,,,E7,45,
81,,,E8,45,
81,,,E9,45,
81,,,E10,45,
81,,,E11,45,
81,,,E12,45,
81,,,E13,45,
81,,,E14,45,
81,,,E15,45,
81,,,E16,45,
81,,,E17,45,
81,,,E18,45,
81,,,E19,45,
81,,,E20,45,
81,,,E21,45,
81,,,E22,45,
81,,,E23,45,
81,,,E24,45,
81,,,F1,45,
81,,,F2,45,
81,,,F3,45,
81,,,F4,45,
81,,,F5,45,
81,,,F6,45,
81,,,F7,45,
81,,,F8,45,
81,,,F9,45,
81,,,F10,45,
81,,,F11,45,
81,,,F12,45,
81,,,F13,45,
81,,,F14,45,
81,,,F15,45,
81,,,F16,45,
81,,,F17,45,
81,,,F18,45,
81,,,F19,45,
81,,,F20,45,
81,,,F21,45,
81,,,F22,45,
81,,,F23,45,
81,,,F24,45,
81,,,G1,45,
81,,,G2,45,
81,,,G3,45,
81,,,G4,45,
81,,,G5,45,
81,,,G6,45,
81,,,G7,45,
81,,,G8,45,
81,,,G9,45,
81,,,G10,45,
81,,,G11,45,
81,,,G12,45,
81,,,G13,45,
81,,,G14,45,
81,,,G15,45,
81,,,G16,45,
81,,,G17,45,
81,,,G18,45,
81,,,G19,45,
81,,,G20,45,
81,,,G21,45,
81,,,G22,45,
81,,,G23,45,
81,,,G24,45,
81,,,H1,45,
81,,,H2,45,
81,,,H3,45,
81,,,H4,45,
81,,,H5,45,
81,,,H6,45,
81,,,H7,45,
81,,,H8,45,
81,,,H9,45,
81,,,H10,45,
81,,,H11,45,
81,,,H12,45,
81,,,H13,45,
81,,,H14,45,
81,,,H15,45,
81,,,H16,45,
81,,,H17,45,
81,,,H18,45,
81,,,H19,45,
81,,,H20,45,
81,,,H21,45,
81,,,H22,45,
81,,,H23,45,
81,,,H24,45,
81,,,I1,45,
81,,,I2,45,
81,,,I3,45,
81,,,I4,45,
81,,,I5,45,
81,,,I6,45,
81,,,I7,45,
81,,,I8,45,
81,,,I9,45,
81,,,I10,45,
81,,,I11,45,
81,,,I12,45,
81,,,I13,45,
81,,,I14,45,
81,,,I15,45,
81,,,I16,45,
81,,,I17,45,
81,,,I18,45,
81,,,I19,45,
81,,,I20,45,
81,,,I21,45,
81,,,I22,45,
81,,,I23,45,
81,,,I24,45,
81,,,J1,45,
81,,,J2,45,
81,,,J3,45,
81,,,J4,45,
81,,,J5,45,
81,,,J6,45,
81,,,J7,45,
81,,,J8,45,
81,,,J9,45,
81,,,J10,45,
81,,,J11,45,
81,,,J12,45,
81,,,J13,45,
81,,,J14,45,
81,,,J15,45,
81,,,J16,45,
81,,,J17,45,
81,,,J18,45,
81,,,J19,45,
81,,,J20,45,
81,,,J21,45,
81,,,J22,45,
81,,,J23,45,
81,,,J24,45,
81,,,K1,45,
81,,,K2,45,
81,,,K3,45,
81,,,K4,45,
81,,,K5,45,
81,,,K6,45,
81,,,K7,45,
81,,,K8,45,
81,,,K9,45,
81,,,K10,45,
81,,,K11,45,
81,,,K12,45,
81,,,K13,45,
81,,,K14,45,
81,,,K15,45,
81,,,K16,45,
81,,,K17,45,
81,,,K18,45,
81,,,K19,45,
81,,,K20,45,
81,,,K21,45,
81,,,K22,45,
81,,,K23,45,
81,,,K24,45,
81,,,L1,45,
81,,,L2,45,
81,,,L3,45,
81,,,L4,45,
81,,,L5,45,
81,,,L6,45,
81,,,L7,45,
81,,,L8,45,
81,,,L9,45,
81,,,L10,45,
81,,,L11,45,
81,,,L12,45,
81,,,L13,45,
81,,,L14,45,
81,,,L15,45,
81,,,L16,45,
81,,,L17,45,
81,,,L18,45,
81,,,L19,45,
81,,,L20,45,
81,,,L21,45,
81,,,L22,45,
81,,,L23,45,
81,,,L24,45,
81,,,M1,45,
81,,,M2,45,
81,,,M3,45,
81,,,M4,45,
81,,,M5,45,
81,,,M6,45,
81,,,M7,45,
81,,,M8,45,
81,,,M9,45,
81,,,M10,45,
81,,,M11,45,
81,,,M12,45,
81,,,M13,45,
81,,,M14,45,
81,,,M15,45,
81,,,M16,45,
81,,,M17,45,
81,,,M18,45,
81,,,M19,45,
81,,,M20,45,
81,,,M21,45,
81,,,M22,45,
81,,,M23,45,
81,,,M24,45,
81,,,N1,45,
81,,,N2,45,
81,,,N3,45,
81,,,N4,45,
81,,,N5,45,
81,,,N6,45,
81,,,N7,45,
81,,,N8,45,
81,,,N9,45,
81,,,N10,45,
81,,,N11,45,
81,,,N12,45,
81,,,N13,45,
81,,,N14,45,
81,,,N15,45,
81,,,N16,45,
81,,,N17,45,
81,,,N18,45,
81,,,N19,45,
81,,,N20,45,
81,,,N21,45,
81,,,N22,45,
81,,,N23,45,
81,,,N24,45,
81,,,O1,45,
81,,,O2,45,
81,,,O3,45,
81,,,O4,45,
81,,,O5,45,
81,,,O6,45,
81,,,O7,45,
81,,,O8,45,
81,,,O9,45,
81,,,O10,45,
81,,,O11,45,
81,,,O12,45,
81,,,O13,45,
81,,,O14,45,
81,,,O15,45,
81,,,O16,45,
81,,,O17,45,
81,,,O18,45,
81,,,O19,45,
81,,,O20,45,
81,,,O21,45,
81,,,O22,45,
81,,,O23,45,
81,,,O24,45,
81,,,P1,45,
81,,,P2,45,
81,,,P3,45,
81,,,P4,45,
81,,,P5,45,
81,,,P6,45,
81,,,P7,45,
81,,,P8,45,
81,,,P9,45,
81,,,P10,45,
81,,,P11,45,
81,,,P12,45,
81,,,P13,45,
81,,,P14,45,
81,,,P15,45,
81,,,P16,45,
81,,,P17,45,
81,,,P18,45,
81,,,P19,45,
81,,,P20,45,
81,,,P21,45,
81,,,P22,45,
81,,,P23,45,
81,,,P24,45,
82,,,A1,0,
83,,,A1,45,
83,,,A2,45,
83,,,A3,45,
83,,,A4,45,
83,,,A5,45,
83,,,A6,45,
83,,,A7,45,
83,,,A8,45,
83,,,A9,45,
83,,,A10,45,
83,,,A11,45,
83,,,A12,45,
83,,,A13,45,
83,,,A14,45,
83,,,A15,45,
83,,,A16,45,
83,,,A17,45,
83,,,A18,45,
83,,,A19,45,
83,,,A20,45,
83,,,A21,45,
83,,,A22,45,
83,,,A23,45,
83,,,A24,45,
83,,,B1,45,
83,,,B2,45,
83,,,B3,45,
83,,,B4,45,
83,,,B5,45,
83,,,B6,45,
83,,,B7,45,
83,,,B8,45,
83,,,B9,45,
83,,,B10,45,
83,,,B11,45,
83,,,B12,45,
83,,,B13,45,
83,,,B14,45,
83,,,B15,45,
83,,,B16,45,
83,,,B17,45,
83,,,B18,45,
83,,,B19,45,
83,,,B20,45,
83,,,B21,45,
83,,,B22,45,
83,,,B23,45,
83,,,B24,45,
83,,,C1,45,
83,,,C2,45,
83,,,C3,45,
83,,,C4,45,
83,,,C5,45,
83,,,C6,45,
83,,,C7,45,
83,,,C8,45,
83,,,C9,45,
83,,,C10,45,
83,,,C11,45,
83,,,C12,45,
83,,,C13,45,
83,,,C14,45,
83,,,C15,45,
83,,,C16,45,
83,,,C17,45,
83,,,C18,45,
83,,,C19,45,
83,,,C20,45,
83,,,C21,45,
83,,,C22,45,
83,,,C23,45,
83,,,C24,45,
83,,,D1,45,
83,,,D2,45,
83,,,D3,45,
83,,,D4,45,
83,,,D5,45,
83,,,D6,45,
83,,,D7,45,
83,,,D8,45,
83,,,D9,45,
83,,,D10,45,
83,,,D11,45,
83,,,D12,45,
83,,,D13,45,
83,,,D14,45,
83,,,D15,45,
83,,,D16,45,
83,,,D17,45,
83,,,D18,45,
83,,,D19,45,
83,,,D20,45,
83,,,D21,45,
83,,,D22,45,
83,,,D23,45,
83,,,D24,45,
83,,,E1,45,
83,,,E2,45,
83,,,E3,45,
83,,,E4,45,
83,,,E5,45,
83,,,E6,45,
83,,,E7,45,
83,,,E8,45,
83,,,E9,45,
83,,,E10,45,
83,,,E11,45,
83,,,E12,45,
83,,,E13,45,
83,,,E14,45,
83,,,E15,45,
83,,,E16,45,
83,,,E17,45,
83,,,E18,45,
83,,,E19,45,
83,,,E20,45,
83,,,E21,45,
83,,,E22,45,
83,,,E23,45,
83,,,E24,45,
83,,,F1,45,
83,,,F2,45,
83,,,F3,45,
83,,,F4,45,
83,,,F5,45,
83,,,F6,45,
83,,,F7,45,
83,,,F8,45,
83,,,F9,45,
83,,,F10,45,
83,,,F11,45,
83,,,F12,45,
83,,,F13,45,
83,,,F14,45,
83,,,F15,45,
83,,,F16,45,
83,,,F17,45,
83,,,F18,45,
83,,,F19,45,
83,,,F20,45,
83,,,F21,45,
83,,,F22,45,
83,,,F23,45,
83,,,F24,45,
83,,,G1,45,
83,,,G2,45,
83,,,G3,45,
83,,,G4,45,
83,,,G5,45,
83,,,G6,45,
83,,,G7,45,
83,,,G8,45,
83,,,G9,45,
83,,,G10,45,
83,,,G11,45,
83,,,G12,45,
83,,,G13,45,
83,,,G14,45,
83,,,G15,45,
83,,,G16,45,
83,,,G17,45,
83,,,G18,45,
83,,,G19,45,
83,,,G20,45,
83,,,G21,45,
83,,,G22,45,
83,,,G23,45,
83,,,G24,45,
83,,,H1,45,
83,,,H2,45,
83,,,H3,45,
83,,,H4,45,
83,,,H5,45,
83,,,H6,45,
83,,,H7,45,
83,,,H8,45,
83,,,H9,45,
83,,,H10,45,
83,,,H11,45,
83,,,H12,45,
83,,,H13,45,
83,,,H14,45,
83,,,H15,45,
83,,,H16,45,
83,,,H17,45,
83,,,H18,45,
83,,,H19,45,
83,,,H20,45,
83,,,H21,45,
83,,,H22,45,
83,,,H23,45,
83,,,H24,45,
83,,,I1,45,
83,,,I2,45,
83,,,I3,45,
83,,,I4,45,
83,,,I5,45,
83,,,I6,45,
83,,,I7,45,
83,,,I8,45,
83,,,I9,45,
83,,,I10,45,
83,,,I11,45,
83,,,I12,45,
83,,,I13,45,
83,,,I14,45,
83,,,I15,45,
83,,,I16,45,
83,,,I17,45,
83,,,I18,45,
83,,,I19,45,
83,,,I20,45,
83,,,I21,45,
83,,,I22,45,
83,,,I23,45,
83,,,I24,45,
83,,,J1,45,
83,,,J2,45,
83,,,J3,45,
83,,,J4,45,
83,,,J5,45,
83,,,J6,45,
83,,,J7,45,
83,,,J8,45,
83,,,J9,45,
83,,,J10,45,
83,,,J11,45,
83,,,J12,45,
83,,,J13,45,
83,,,J14,45,
83,,,J15,45,
83,,,J16,45,
83,,,J17,45,
83,,,J18,45,
83,,,J19,45,
83,,,J20,45,
83,,,J21,45,
83,,,J22,45,
83,,,J23,45,
83,,,J24,45,
83,,,K1,45,
83,,,K2,45,
83,,,K3,45,
83,,,K4,45,
83,,,K5,45,
83,,,K6,45,
83,,,K7,45,
83,,,K8,45,
83,,,K9,45,
83,,,K10,45,
83,,,K11,45,
83,,,K12,45,
83,,,K13,45,
83,,,K14,45,
83,,,K15,45,
83,,,K16,45,
83,,,K17,45,
83,,,K18,45,
83,,,K19,45,
83,,,K20,45,
83,,,K21,45,
83,,,K22,45,
83,,,K23,45,
83,,,K24,45,
83,,,L1,45,
83,,,L2,45,
83,,,L3,45,
83,,,L4,45,
83,,,L5,45,
83,,,L6,45,
83,,,L7,45,
83,,,L8,45,
83,,,L9,45,
83,,,L10,45,
83,,,L11,45,
83,,,L12,45,
83,,,L13,45,
83,,,L14,45,
83,,,L15,45,
83,,,L16,45,
83,,,L17,45,
83,,,L18,45,
83,,,L19,45,
83,,,L20,45,
83,,,L21,45,
83,,,L22,45,
83,,,L23,45,
83,,,L24,45,
83,,,M1,45,
83,,,M2,45,
83,,,M3,45,
83,,,M4,45,
83,,,M5,45,
83,,,M6,45,
83,,,M7,45,
83,,,M8,45,
83,,,M9,45,
83,,,M10,45,
83,,,M11,45,
83,,,M12,45,
83,,,M13,45,
83,,,M14,45,
83,,,M15,45,
83,,,M16,45,
83,,,M17,45,
83,,,M18,45,
83,,,M19,45,
83,,,M20,45,
83,,,M21,45,
83,,,M22,45,
83,,,M23,45,
83,,,M24,45,
83,,,N1,45,
83,,,N2,45,
83,,,N3,45,
83,,,N4,45,
83,,,N5,45,
83,,,N6,45,
83,,,N7,45,
83,,,N8,45,
83,,,N9,45,
83,,,N10,45,
83,,,N11,45,
83,,,N12,45,
83,,,N13,45,
83,,,N14,45,
83,,,N15,45,
83,,,N16,45,
83,,,N17,45,
83,,,N18,45,
83,,,N19,45,
83,,,N20,45,
83,,,N21,45,
83,,,N22,45,
83,,,N23,45,
83,,,N24,45,
83,,,O1,45,
83,,,O2,45,
83,,,O3,45,
83,,,O4,45,
83,,,O5,45,
83,,,O6,45,
83,,,O7,45,
83,,,O8,45,
83,,,O9,45,
83,,,O10,45,
83,,,O11,45,
83,,,O12,45,
83,,,O13,45,
83,,,O14,45,
83,,,O15,45,
83,,,O16,45,
83,,,O17,45,
83,,,O18,45,
83,,,O19,45,
83,,,O20,45,
83,,,O21,45,
83,,,O22,45,
83,,,O23,45,
83,,,O24,45,
83,,,P1,45,
83,,,P2,45,
83,,,P3,45,
83,,,P4,45,
83,,,P5,45,
83,,,P6,45,
83,,,P7,45,
83,,,P8,45,
83,,,P9,45,
83,,,P10,45,
83,,,P11,45,
83,,,P12,45,
83,,,P13,45,
83,,,P14,45,
83,,,P15,45,
83,,,P16,45,
83,,,P17,45,
83,,,P18,45,
83,,,P19,45,
83,,,P20,45,
83,,,P21,45,
83,,,P22,45,
83,,,P23,45,
83,,,P24,45,
84,,,A1,0,
85,,,A1,45,
85,,,A2,45,
85,,,A3,45,
85,,,A4,45,
85,,,A5,45,
85,,,A6,45,
85,,,A7,45,
85,,,A8,45,
85,,,A9,45,
85,,,A10,45,
85,,,A11,45,
85,,,A12,45,
85,,,A13,45,
85,,,A14,45,
85,,,A15,45,
85,,,A16,45,
85,,,A17,45,
85,,,A18,45,
85,,,A19,45,
85,,,A20,45,
85,,,A21,45,
85,,,A22,45,
85,,,A23,45,
85,,,A24,45,
85,,,B1,45,
85,,,B2,45,
85,,,B3,45,
85,,,B4,45,
85,,,B5,45,
85,,,B6,45,
85,,,B7,45,
85,,,B8,45,
85,,,B9,45,
85,,,B10,45,
85,,,B11,45,
85,,,B12,45,
85,,,B13,45,
85,,,B14,45,
85,,,B15,45,
85,,,B16,45,
85,,,B17,45,
85,,,B18,45,
85,,,B19,45,
85,,,B20,45,
85,,,B21,45,
85,,,B22,45,
85,,,B23,45,
85,,,B24,45,
85,,,C1,45,
85,,,C2,45,
85,,,C3,45,
85,,,C4,45,
85,,,C5,45,
85,,,C6,45,
85,,,C7,45,
85,,,C8,45,
85,,,C9,45,
85,,,C10,45,
85,,,C11,45,
85,,,C12,45,
85,,,C13,45,
85,,,C14,45,
85,,,C15,45,
85,,,C16,45,
85,,,C17,45,
85,,,C18,45,
85,,,C19,45,
85,,,C20,45,
85,,,C21,45,
85,,,C22,45,
85,,,C23,45,
85,,,C24,45,
85,,,D1,45,
85,,,D2,45,
85,,,D3,45,
85,,,D4,45,
85,,,D5,45,
85,,,D6,45,
85,,,D7,45,
85,,,D8,45,
85,,,D9,45,
85,,,D10,45,
85,,,D11,45,
85,,,D12,45,
85,,,D13,45,
85,,,D14,45,
85,,,D15,45,
85,,,D16,45,
85,,,D17,45,
85,,,D18,45,
85,,,D19,45,
85,,,D20,45,
85,,,D21,45,
85,,,D22,45,
85,,,D23,45,
85,,,D24,45,
85,,,E1,45,
85,,,E2,45,
85,,,E3,45,
85,,,E4,45,
85,,,E5,45,
85,,,E6,45,
85,,,E7,45,
85,,,E8,45,
85,,,E9,45,
85,,,E10,45,
85,,,E11,45,
85,,,E12,45,
85,,,E13,45,
85,,,E14,45,
85,,,E15,45,
85,,,E16,45,
85,,,E17,45,
85,,,E18,45,
85,,,E19,45,
85,,,E20,45,
85,,,E21,45,
85,,,E22,45,
85,,,E23,45,
85,,,E24,45,
85,,,F1,45,
85,,,F2,45,
85,,,F3,45,
85,,,F4,45,
85,,,F5,45,
85,,,F6,45,
85,,,F7,45,
85,,,F8,45,
85,,,F9,45,
85,,,F10,45,
85,,,F11,45,
85,,,F12,45,
85,,,F13,45,
85,,,F14,45,
85,,,F15,45,
85,,,F16,45,
85,,,F17,45,
85,,,F18,45,
85,,,F19,45,
85,,,F20,45,
85,,,F21,45,
85,,,F22,45,
85,,,F23,45,
85,,,F24,45,
85,,,G1,45,
85,,,G2,45,
85,,,G3,45,
85,,,G4,45,
85,,,G5,45,
85,,,G6,45,
85,,,G7,45,
85,,,G8,45,
85,,,G9,45,
85,,,G10,45,
85,,,G11,45,
85,,,G12,45,
85,,,G13,45,
85,,,G14,45,
85,,,G15,45,
85,,,G16,45,
85,,,G17,45,
85,,,G18,45,
85,,,G19,45,
85,,,G20,45,
85,,,G21,45,
85,,,G22,45,
85,,,G23,45,
85,,,G24,45,
85,,,H1,45,
85,,,H2,45,
85,,,H3,45,
85,,,H4,45,
85,,,H5,45,
85,,,H6,45,
85,,,H7,45,
85,,,H8,45,
85,,,H9,45,
85,,,H10,45,
85,,,H11,45,
85,,,H12,45,
85,,,H13,45,
85,,,H14,45,
85,,,H15,45,
85,,,H16,45,
85,,,H17,45,
85,,,H18,45,
85,,,H19,45,
85,,,H20,45,
85,,,H21,45,
85,,,H22,45,
85,,,H23,45,
85,,,H24,45,
85,,,I1,45,
85,,,I2,45,
85,,,I3,45,
85,,,I4,45,
85,,,I5,45,
85,,,I6,45,
85,,,I7,45,
85,,,I8,45,
85,,,I9,45,
85,,,I10,45,
85,,,I11,45,
85,,,I12,45,
85,,,I13,45,
85,,,I14,45,
85,,,I15,45,
85,,,I16,45,
85,,,I17,45,
85,,,I18,45,
85,,,I19,45,
85,,,I20,45,
85,,,I21,45,
85,,,I22,45,
85,,,I23,45,
85,,,I24,45,
85,,,J1,45,
85,,,J2,45,
85,,,J3,45,
85,,,J4,45,
85,,,J5,45,
85,,,J6,45,
85,,,J7,45,
85,,,J8,45,
85,,,J9,45,
85,,,J10,45,
85,,,J11,45,
85,,,J12,45,
85,,,J13,45,
85,,,J14,45,
85,,,J15,45,
85,,,J16,45,
85,,,J17,45,
85,,,J18,45,
85,,,J19,45,
85,,,J20,45,
85,,,J21,45,
85,,,J22,45,
85,,,J23,45,
85,,,J24,45,
85,,,K1,45,
85,,,K2,45,
85,,,K3,45,
85,,,K4,45,
85,,,K5,45,
85,,,K6,45,
85,,,K7,45,
85,,,K8,45,
85,,,K9,45,
85,,,K10,45,
85,,,K11,45,
85,,,K12,45,
85,,,K13,45,
85,,,K14,45,
85,,,K15,45,
85,,,K16,45,
85,,,K17,45,
85,,,K18,45,
85,,,K19,45,
85,,,K20,45,
85,,,K21,45,
85,,,K22,45,
85,,,K23,45,
85,,,K24,45,
85,,,L1,45,
85,,,L2,45,
85,,,L3,45,
85,,,L4,45,
85,,,L5,45,
85,,,L6,45,
85,,,L7,45,
85,,,L8,45,
85,,,L9,45,
85,,,L10,45,
85,,,L11,45,
85,,,L12,45,
85,,,L13,45,
85,,,L14,45,
85,,,L15,45,
85,,,L16,45,
85,,,L17,45,
85,,,L18,45,
85,,,L19,45,
85,,,L20,45,
85,,,L21,45,
85,,,L22,45,
85,,,L23,45,
85,,,L24,45,
85,,,M1,45,
85,,,M2,45,
85,,,M3,45,
85,,,M4,45,
85,,,M5,45,
85,,,M6,45,
85,,,M7,45,
85,,,M8,45,
85,,,M9,45,
85,,,M10,45,
85,,,M11,45,
85,,,M12,45,
85,,,M13,45,
85,,,M14,45,
85,,,M15,45,
85,,,M16,45,
85,,,M17,45,
85,,,M18,45,
85,,,M19,45,
85,,,M20,45,
85,,,M21,45,
85,,,M22,45,
85,,,M23,45,
85,,,M24,45,
85,,,N1,45,
85,,,N2,45,
85,,,N3,45,
85,,,N4,45,
85,,,N5,45,
85,,,N6,45,
85,,,N7,45,
85,,,N8,45,
85,,,N9,45,
85,,,N10,45,
85,,,N11,45,
85,,,N12,45,
85,,,N13,45,
85,,,N14,45,
85,,,N15,45,
85,,,N16,45,
85,,,N17,45,
85,,,N18,45,
85,,,N19,45,
85,,,N20,45,
85,,,N21,45,
85,,,N22,45,
85,,,N23,45,
85,,,N24,45,
85,,,O1,45,
85,,,O2,45,
85,,,O3,45,
85,,,O4,45,
85,,,O5,45,
85,,,O6,45,
85,,,O7,45,
85,,,O8,45,
85,,,O9,45,
85,,,O10,45,
85,,,O11,45,
85,,,O12,45,
85,,,O13,45,
85,,,O14,45,
85,,,O15,45,
85,,,O16,45,
85,,,O17,45,
85,,,O18,45,
85,,,O19,45,
85,,,O20,45,
85,,,O21,45,
85,,,O22,45,
85,,,O23,45,
85,,,O24,45,
85,,,P1,45,
85,,,P2,45,
85,,,P3,45,
85,,,P4,45,
85,,,P5,45,
85,,,P6,45,
85,,,P7,45,
85,,,P8,45,
85,,,P9,45,
85,,,P10,45,
85,,,P11,45,
85,,,P12,45,
85,,,P13,45,
85,,,P14,45,
85,,,P15,45,
85,,,P16,45,
85,,,P17,45,
85,,,P18,45,
85,,,P19,45,
85,,,P20,45,
85,,,P21,45,
85,,,P22,45,
85,,,P23,45,
85,,,P24,45,
86,,,A1,0,
87,,,A1,45,
87,,,A2,45,
87,,,A3,45,
87,,,A4,45,
87,,,A5,45,
87,,,A6,45,
87,,,A7,45,
87,,,A8,45,
87,,,A9,45,
87,,,A10,45,
87,,,A11,45,
87,,,A12,45,
87,,,A13,45,
87,,,A14,45,
87,,,A15,45,
87,,,A16,45,
87,,,A17,45,
87,,,A18,45,
87,,,A19,45,
87,,,A20,45,
87,,,A21,45,
87,,,A22,45,
87,,,A23,45,
87,,,A24,45,
87,,,B1,45,
87,,,B2,45,
87,,,B3,45,
87,,,B4,45,
87,,,B5,45,
87,,,B6,45,
87,,,B7,45,
87,,,B8,45,
87,,,B9,45,
87,,,B10,45,
87,,,B11,45,
87,,,B12,45,
87,,,B13,45,
87,,,B14,45,
87,,,B15,45,
87,,,B16,45,
87,,,B17,45,
87,,,B18,45,
87,,,B19,45,
87,,,B20,45,
87,,,B21,45,
87,,,B22,45,
87,,,B23,45,
87,,,B24,45,
87,,,C1,45,
87,,,C2,45,
87,,,C3,45,
87,,,C4,45,
87,,,C5,45,
87,,,C6,45,
87,,,C7,45,
87,,,C8,45,
87,,,C9,45,
87,,,C10,45,
87,,,C11,45,
87,,,C12,45,
87,,,C13,45,
87,,,C14,45,
87,,,C15,45,
87,,,C16,45,
87,,,C17,45,
87,,,C18,45,
87,,,C19,45,
87,,,C20,45,
87,,,C21,45,
87,,,C22,45,
87,,,C23,45,
87,,,C24,45,
87,,,D1,45,
87,,,D2,45,
87,,,D3,45,
87,,,D4,45,
87,,,D5,45,
87,,,D6,45,
87,,,D7,45,
87,,,D8,45,
87,,,D9,45,
87,,,D10,45,
87,,,D11,45,
87,,,D12,45,
87,,,D13,45,
87,,,D14,45,
87,,,D15,45,
87,,,D16,45,
87,,,D17,45,
87,,,D18,45,
87,,,D19,45,
87,,,D20,45,
87,,,D21,45,
87,,,D22,45,
87,,,D23,45,
87,,,D24,45,
87,,,E1,45,
87,,,E2,45,
87,,,E3,45,
87,,,E4,45,
87,,,E5,45,
87,,,E6,45,
87,,,E7,45,
87,,,E8,45,
87,,,E9,45,
87,,,E10,45,
87,,,E11,45,
87,,,E12,45,
87,,,E13,45,
87,,,E14,45,
87,,,E15,45,
87,,,E16,45,
87,,,E17,45,
87,,,E18,45,
87,,,E19,45,
87,,,E20,45,
87,,,E21,45,
87,,,E22,45,
87,,,E23,45,
87,,,E24,45,
87,,,F1,45,
87,,,F2,45,
87,,,F3,45,
87,,,F4,45,
87,,,F5,45,
87,,,F6,45,
87,,,F7,45,
87,,,F8,45,
87,,,F9,45,
87,,,F10,45,
87,,,F11,45,
87,,,F12,45,
87,,,F13,45,
87,,,F14,45,
87,,,F15,45,
87,,,F16,45,
87,,,F17,45,
87,,,F18,45,
87,,,F19,45,
87,,,F20,45,
87,,,F21,45,
87,,,F22,45,
87,,,F23,45,
87,,,F24,45,
87,,,G1,45,
87,,,G2,45,
87,,,G3,45,
87,,,G4,45,
87,,,G5,45,
87,,,G6,45,
87,,,G7,45,
87,,,G8,45,
87,,,G9,45,
87,,,G10,45,
87,,,G11,45,
87,,,G12,45,
87,,,G13,45,
87,,,G14,45,
87,,,G15,45,
87,,,G16,45,
87,,,G17,45,
87,,,G18,45,
87,,,G19,45,
87,,,G20,45,
87,,,G21,45,
87,,,G22,45,
87,,,G23,45,
87,,,G24,45,
87,,,H1,45,
87,,,H2,45,
87,,,H3,45,
87,,,H4,45,
87,,,H5,45,
87,,,H6,45,
87,,,H7,45,
87,,,H8,45,
87,,,H9,45,
87,,,H10,45,
87,,,H11,45,
87,,,H12,45,
87,,,H13,45,
87,,,H14,45,
87,,,H15,45,
87,,,H16,45,
87,,,H17,45,
87,,,H18,45,
87,,,H19,45,
87,,,H20,45,
87,,,H21,45,
87,,,H22,45,
87,,,H23,45,
87,,,H24,45,
87,,,I1,45,
87,,,I2,45,
87,,,I3,45,
87,,,I4,45,
87,,,I5,45,
87,,,I6,45,
87,,,I7,45,
87,,,I8,45,
87,,,I9,45,
87,,,I10,45,
87,,,I11,45,
87,,,I12,45,
87,,,I13,45,
87,,,I14,45,
87,,,I15,45,
87,,,I16,45,
87,,,I17,45,
87,,,I18,45,
87,,,I19,45,
87,,,I20,45,
87,,,I21,45,
87,,,I22,45,
87,,,I23,45,
87,,,I24,45,
87,,,J1,45,
87,,,J2,45,
87,,,J3,45,
87,,,J4,45,
87,,,J5,45,
87,,,J6,45,
87,,,J7,45,
87,,,J8,45,
87,,,J9,45,
87,,,J10,45,
87,,,J11,45,
87,,,J12,45,
87,,,J13,45,
87,,,J14,45,
87,,,J15,45,
87,,,J16,45,
87,,,J17,45,
87,,,J18,45,
87,,,J19,45,
87,,,J20,45,
87,,,J21,45,
87,,,J22,45,
87,,,J23,45,
87,,,J24,45,
87,,,K1,45,
87,,,K2,45,
87,,,K3,45,
87,,,K4,45,
87,,,K5,45,
87,,,K6,45,
87,,,K7,45,
87,,,K8,45,
87,,,K9,45,
87,,,K10,45,
87,,,K11,45,
87,,,K12,45,
87,,,K13,45,
87,,,K14,45,
87,,,K15,45,
87,,,K16,45,
87,,,K17,45,
87,,,K18,45,
87,,,K19,45,
87,,,K20,45,
87,,,K21,45,
87,,,K22,45,
87,,,K23,45,
87,,,K24,45,
87,,,L1,45,
87,,,L2,45,
87,,,L3,45,
87,,,L4,45,
87,,,L5,45,
87,,,L6,45,
87,,,L7,45,
87,,,L8,45,
87,,,L9,45,
87,,,L10,45,
87,,,L11,45,
87,,,L12,45,
87,,,L13,45,
87,,,L14,45,
87,,,L15,45,
87,,,L16,45,
87,,,L17,45,
87,,,L18,45,
87,,,L19,45,
87,,,L20,45,
87,,,L21,45,
87,,,L22,45,
87,,,L23,45,
87,,,L24,45,
87,,,M1,45,
87,,,M2,45,
87,,,M3,45,
87,,,M4,45,
87,,,M5,45,
87,,,M6,45,
87,,,M7,45,
87,,,M8,45,
87,,,M9,45,
87,,,M10,45,
87,,,M11,45,
87,,,M12,45,
87,,,M13,45,
87,,,M14,45,
87,,,M15,45,
87,,,M16,45,
87,,,M17,45,
87,,,M18,45,
87,,,M19,45,
87,,,M20,45,
87,,,M21,45,
87,,,M22,45,
87,,,M23,45,
87,,,M24,45,
87,,,N1,45,
87,,,N2,45,
87,,,N3,45,
87,,,N4,45,
87,,,N5,45,
87,,,N6,45,
87,,,N7,45,
87,,,N8,45,
87,,,N9,45,
87,,,N10,45,
87,,,N11,45,
87,,,N12,45,
87,,,N13,45,
87,,,N14,45,
87,,,N15,45,
87,,,N16,45,
87,,,N17,45,
87,,,N18,45,
87,,,N19,45,
87,,,N20,45,
87,,,N21,45,
87,,,N22,45,
87,,,N23,45,
87,,,N24,45,
87,,,O1,45,
87,,,O2,45,
87,,,O3,45,
87,,,O4,45,
87,,,O5,45,
87,,,O6,45,
87,,,O7,45,
87,,,O8,45,
87,,,O9,45,
87,,,O10,45,
87,,,O11,45,
87,,,O12,45,
87,,,O13,45,
87,,,O14,45,
87,,,O15,45,
87,,,O16,45,
87,,,O17,45,
87,,,O18,45,
87,,,O19,45,
87,,,O20,45,
87,,,O21,45,
87,,,O22,45,
87,,,O23,45,
87,,,O24,45,
87,,,P1,45,
87,,,P2,45,
87,,,P3,45,
87,,,P4,45,
87,,,P5,45,
87,,,P6,45,
87,,,P7,45,
87,,,P8,45,
87,,,P9,45,
87,,,P10,45,
87,,,P11,45,
87,,,P12,45,
87,,,P13,45,
87,,,P14,45,
87,,,P15,45,
87,,,P16,45,
87,,,P17,45,
87,,,P18,45,
87,,,P19,45,
87,,,P20,45,
87,,,P21,45,
87,,,P22,45,
87,,,P23,45,
87,,,P24,45,
88,,,A1,0,
89,,,A1,45,
89,,,A2,45,
89,,,A3,45,
89,,,A4,45,
89,,,A5,45,
89,,,A6,45,
89,,,A7,45,
89,,,A8,45,
89,,,A9,45,
89,,,A10,45,
89,,,A11,45,
89,,,A12,45,
89,,,A13,45,
89,,,A14,45,
89,,,A15,45,
89,,,A16,45,
89,,,A17,45,
89,,,A18,45,
89,,,A19,45,
89,,,A20,45,
89,,,A21,45,
89,,,A22,45,
89,,,A23,45,
89,,,A24,45,
89,,,B1,45,
89,,,B2,45,
89,,,B3,45,
89,,,B4,45,
89,,,B5,45,
89,,,B6,45,
89,,,B7,45,
89,,,B8,45,
89,,,B9,45,
89,,,B10,45,
89,,,B11,45,
89,,,B12,45,
89,,,B13,45,
89,,,B14,45,
89,,,B15,45,
89,,,B16,45,
89,,,B17,45,
89,,,B18,45,
89,,,B19,45,
89,,,B20,45,
89,,,B21,45,
89,,,B22,45,
89,,,B23,45,
89,,,B24,45,
89,,,C1,45,
89,,,C2,45,
89,,,C3,45,
89,,,C4,45,
89,,,C5,45,
89,,,C6,45,
89,,,C7,45,
89,,,C8,45,
89,,,C9,45,
89,,,C10,45,
89,,,C11,45,
89,,,C12,45,
89,,,C13,45,
89,,,C14,45,
89,,,C15,45,
89,,,C16,45,
89,,,C17,45,
89,,,C18,45,
89,,,C19,45,
89,,,C20,45,
89,,,C21,45,
89,,,C22,45,
89,,,C23,45,
89,,,C24,45,
89,,,D1,45,
89,,,D2,45,
89,,,D3,45,
89,,,D4,45,
89,,,D5,45,
89,,,D6,45,
89,,,D7,45,
89,,,D8,45,
89,,,D9,45,
89,,,D10,45,
89,,,D11,45,
89,,,D12,45,
89,,,D13,45,
89,,,D14,45,
89,,,D15,45,
89,,,D16,45,
89,,,D17,45,
89,,,D18,45,
89,,,D19,45,
89,,,D20,45,
89,,,D21,45,
89,,,D22,45,
89,,,D23,45,
89,,,D24,45,
89,,,E1,45,
89,,,E2,45,
89,,,E3,45,
89,,,E4,45,
89,,,E5,45,
89,,,E6,45,
89,,,E7,45,
89,,,E8,45,
89,,,E9,45,
89,,,E10,45,
89,,,E11,45,
89,,,E12,45,
89,,,E13,45,
89,,,E14,45,
89,,,E15,45,
89,,,E16,45,
89,,,E17,45,
89,,,E18,45,
89,,,E19,45,
89,,,E20,45,
89,,,E21,45,
89,,,E22,45,
89,,,E23,45,
89,,,E24,45,
89,,,F1,45,
89,,,F2,45,
89,,,F3,45,
89,,,F4,45,
89,,,F5,45,
89,,,F6,45,
89,,,F7,45,
89,,,F8,45,
89,,,F9,45,
89,,,F10,45,
89,,,F11,45,
89,,,F12,45,
89,,,F13,45,
89,,,F14,45,
89,,,F15,45,
89,,,F16,45,
89,,,F17,45,
89,,,F18,45,
89,,,F19,45,
89,,,F20,45,
89,,,F21,45,
89,,,F22,45,
89,,,F23,45,
89,,,F24,45,
89,,,G1,45,
89,,,G2,45,
89,,,G3,45,
89,,,G4,45,
89,,,G5,45,
89,,,G6,45,
89,,,G7,45,
89,,,G8,45,
89,,,G9,45,
89,,,G10,45,
89,,,G11,45,
89,,,G12,45,
89,,,G13,45,
89,,,G14,45,
89,,,G15,45,
89,,,G16,45,
89,,,G17,45,
89,,,G18,45,
89,,,G19,45,
89,,,G20,45,
89,,,G21,45,
89,,,G22,45,
89,,,G23,45,
89,,,G24,45,
89,,,H1,45,
89,,,H2,45,
89,,,H3,45,
89,,,H4,45,
89,,,H5,45,
89,,,H6,45,
89,,,H7,45,
89,,,H8,45,
89,,,H9,45,
89,,,H10,45,
89,,,H11,45,
89,,,H12,45,
89,,,H13,45,
89,,,H14,45,
89,,,H15,45,
89,,,H16,45,
89,,,H17,45,
89,,,H18,45,
89,,,H19,45,
89,,,H20,45,
89,,,H21,45,
89,,,H22,45,
89,,,H23,45,
89,,,H24,45,
89,,,I1,45,
89,,,I2,45,
89,,,I3,45,
89,,,I4,45,
89,,,I5,45,
89,,,I6,45,
89,,,I7,45,
89,,,I8,45,
89,,,I9,45,
89,,,I10,45,
89,,,I11,45,
89,,,I12,45,
89,,,I13,45,
89,,,I14,45,
89,,,I15,45,
89,,,I16,45,
89,,,I17,45,
89,,,I18,45,
89,,,I19,45,
89,,,I20,45,
89,,,I21,45,
89,,,I22,45,
89,,,I23,45,
89,,,I24,45,
89,,,J1,45,
89,,,J2,45,
89,,,J3,45,
89,,,J4,45,
89,,,J5,45,
89,,,J6,45,
89,,,J7,45,
89,,,J8,45,
89,,,J9,45,
89,,,J10,45,
89,,,J11,45,
89,,,J12,45,
89,,,J13,45,
89,,,J14,45,
89,,,J15,45,
89,,,J16,45,
89,,,J17,45,
89,,,J18,45,
89,,,J19,45,
89,,,J20,45,
89,,,J21,45,
89,,,J22,45,
89,,,J23,45,
89,,,J24,45,
89,,,K1,45,
89,,,K2,45,
89,,,K3,45,
89,,,K4,45,
89,,,K5,45,
89,,,K6,45,
89,,,K7,45,
89,,,K8,45,
89,,,K9,45,
89,,,K10,45,
89,,,K11,45,
89,,,K12,45,
89,,,K13,45,
89,,,K14,45,
89,,,K15,45,
89,,,K16,45,
89,,,K17,45,
89,,,K18,45,
89,,,K19,45,
89,,,K20,45,
89,,,K21,45,
89,,,K22,45,
89,,,K23,45,
89,,,K24,45,
89,,,L1,45,
89,,,L2,45,
89,,,L3,45,
89,,,L4,45,
89,,,L5,45,
89,,,L6,45,
89,,,L7,45,
89,,,L8,45,
89,,,L9,45,
89,,,L10,45,
89,,,L11,45,
89,,,L12,45,
89,,,L13,45,
89,,,L14,45,
89,,,L15,45,
89,,,L16,45,
89,,,L17,45,
89,,,L18,45,
89,,,L19,45,
89,,,L20,45,
89,,,L21,45,
89,,,L22,45,
89,,,L23,45,
89,,,L24,45,
89,,,M1,45,
89,,,M2,45,
89,,,M3,45,
89,,,M4,45,
89,,,M5,45,
89,,,M6,45,
89,,,M7,45,
89,,,M8,45,
89,,,M9,45,
89,,,M10,45,
89,,,M11,45,
89,,,M12,45,
89,,,M13,45,
89,,,M14,45,
89,,,M15,45,
89,,,M16,45,
89,,,M17,45,
89,,,M18,45,
89,,,M19,45,
89,,,M20,45,
89,,,M21,45,
89,,,M22,45,
89,,,M23,45,
89,,,M24,45,
89,,,N1,45,
89,,,N2,45,
89,,,N3,45,
89,,,N4,45,
89,,,N5,45,
89,,,N6,45,
89,,,N7,45,
89,,,N8,45,
89,,,N9,45,
89,,,N10,45,
89,,,N11,45,
89,,,N12,45,
89,,,N13,45,
89,,,N14,45,
89,,,N15,45,
89,,,N16,45,
89,,,N17,45,
89,,,N18,45,
89,,,N19,45,
89,,,N20,45,
89,,,N21,45,
89,,,N22,45,
89,,,N23,45,
89,,,N24,45,
89,,,O1,45,
89,,,O2,45,
89,,,O3,45,
89,,,O4,45,
89,,,O5,45,
89,,,O6,45,
89,,,O7,45,
89,,,O8,45,
89,,,O9,45,
89,,,O10,45,
89,,,O11,45,
89,,,O12,45,
89,,,O13,45,
89,,,O14,45,
89,,,O15,45,
89,,,O16,45,
89,,,O17,45,
89,,,O18,45,
89,,,O19,45,
89,,,O20,45,
89,,,O21,45,
89,,,O22,45,
89,,,O23,45,
89,,,O24,45,
89,,,P1,45,
89,,,P2,45,
89,,,P3,45,
89,,,P4,45,
89,,,P5,45,
89,,,P6,45,
89,,,P7,45,
89,,,P8,45,
89,,,P9,45,
89,,,P10,45,
89,,,P11,45,
89,,,P12,45,
89,,,P13,45,
89,,,P14,45,
89,,,P15,45,
89,,,P16,45,
89,,,P17,45,
89,,,P18,45,
89,,,P19,45,
89,,,P20,45,
89,,,P21,45,
89,,,P22,45,
89,,,P23,45,
89,,,P24,45,
90,,,A1,0,
91,,,A1,45,
91,,,A2,45,
91,,,A3,45,
91,,,A4,45,
91,,,A5,45,
91,,,A6,45,
91,,,A7,45,
91,,,A8,45,
91,,,A9,45,
91,,,A10,45,
91,,,A11,45,
91,,,A12,45,
91,,,A13,45,
91,,,A14,45,
91,,,A15,45,
91,,,A16,45,
91,,,A17,45,
91,,,A18,45,
91,,,A19,45,
91,,,A20,45,
91,,,A21,45,
91,,,A22,45,
91,,,A23,45,
91,,,A24,45,
91,,,B1,45,
91,,,B2,45,
91,,,B3,45,
91,,,B4,45,
91,,,B5,45,
91,,,B6,45,
91,,,B7,45,
91,,,B8,45,
91,,,B9,45,
91,,,B10,45,
91,,,B11,45,
91,,,B12,45,
91,,,B13,45,
91,,,B14,45,
91,,,B15,45,
91,,,B16,45,
91,,,B17,45,
91,,,B18,45,
91,,,B19,45,
91,,,B20,45,
91,,,B21,45,
91,,,B22,45,
91,,,B23,45,
91,,,B24,45,
91,,,C1,45,
91,,,C2,45,
91,,,C3,45,
91,,,C4,45,
91,,,C5,45,
91,,,C6,45,
91,,,C7,45,
91,,,C8,45,
91,,,C9,45,
91,,,C10,45,
91,,,C11,45,
91,,,C12,45,
91,,,C13,45,
91,,,C14,45,
91,,,C15,45,
91,,,C16,45,
91,,,C17,45,
91,,,C18,45,
91,,,C19,45,
91,,,C20,45,
91,,,C21,45,
91,,,C22,45,
91,,,C23,45,
91,,,C24,45,
91,,,D1,45,
91,,,D2,45,
91,,,D3,45,
91,,,D4,45,
91,,,D5,45,
91,,,D6,45,
91,,,D7,45,
91,,,D8,45,
91,,,D9,45,
91,,,D10,45,
91,,,D11,45,
91,,,D12,45,
91,,,D13,45,
91,,,D14,45,
91,,,D15,45,
91,,,D16,45,
91,,,D17,45,
91,,,D18,45,
91,,,D19,45,
91,,,D20,45,
91,,,D21,45,
91,,,D22,45,
91,,,D23,45,
91,,,D24,45,
91,,,E1,45,
91,,,E2,45,
91,,,E3,45,
91,,,E4,45,
91,,,E5,45,
91,,,E6,45,
91,,,E7,45,
91,,,E8,45,
91,,,E9,45,
91,,,E10,45,
91,,,E11,45,
91,,,E12,45,
91,,,E13,45,
91,,,E14,45,
91,,,E15,45,
91,,,E16,45,
91,,,E17,45,
91,,,E18,45,
91,,,E19,45,
91,,,E20,45,
91,,,E21,45,
91,,,E22,45,
91,,,E23,45,
91,,,E24,45,
91,,,F1,45,
91,,,F2,45,
91,,,F3,45,
91,,,F4,45,
91,,,F5,45,
91,,,F6,45,
91,,,F7,45,
91,,,F8,45,
91,,,F9,45,
91,,,F10,45,
91,,,F11,45,
91,,,F12,45,
91,,,F13,45,
91,,,F14,45,
91,,,F15,45,
91,,,F16,45,
91,,,F17,45,
91,,,F18,45,
91,,,F19,45,
91,,,F20,45,
91,,,F21,45,
91,,,F22,45,
91,,,F23,45,
91,,,F24,45,
91,,,G1,45,
91,,,G2,45,
91,,,G3,45,
91,,,G4,45,
91,,,G5,45,
91,,,G6,45,
91,,,G7,45,
91,,,G8,45,
91,,,G9,45,
91,,,G10,45,
91,,,G11,45,
91,,,G12,45,
91,,,G13,45,
91,,,G14,45,
91,,,G15,45,
91,,,G16,45,
91,,,G17,45,
91,,,G18,45,
91,,,G19,45,
91,,,G20,45,
91,,,G21,45,
91,,,G22,45,
91,,,G23,45,
91,,,G24,45,
91,,,H1,45,
91,,,H2,45,
91,,,H3,45,
91,,,H4,45,
91,,,H5,45,
91,,,H6,45,
91,,,H7,45,
91,,,H8,45,
91,,,H9,45,
91,,,H10,45,
91,,,H11,45,
91,,,H12,45,
91,,,H13,45,
91,,,H14,45,
91,,,H15,45,
91,,,H16,45,
91,,,H17,45,
91,,,H18,45,
91,,,H19,45,
91,,,H20,45,
91,,,H21,45,
91,,,H22,45,
91,,,H23,45,
91,,,H24,45,
91,,,I1,45,
91,,,I2,45,
91,,,I3,45,
91,,,I4,45,
91,,,I5,45,
91,,,I6,45,
91,,,I7,45,
91,,,I8,45,
91,,,I9,45,
91,,,I10,45,
91,,,I11,45,
91,,,I12,45,
91,,,I13,45,
91,,,I14,45,
91,,,I15,45,
91,,,I16,45,
91,,,I17,45,
91,,,I18,45,
91,,,I19,45,
91,,,I20,45,
91,,,I21,45,
91,,,I22,45,
91,,,I23,45,
91,,,I24,45,
91,,,J1,45,
91,,,J2,45,
91,,,J3,45,
91,,,J4,45,
91,,,J5,45,
91,,,J6,45,
91,,,J7,45,
91,,,J8,45,
91,,,J9,45,
91,,,J10,45,
91,,,J11,45,
91,,,J12,45,
91,,,J13,45,
91,,,J14,45,
91,,,J15,45,
91,,,J16,45,
91,,,J17,45,
91,,,J18,45,
91,,,J19,45,
91,,,J20,45,
91,,,J21,45,
91,,,J22,45,
91,,,J23,45,
91,,,J24,45,
91,,,K1,45,
91,,,K2,45,
91,,,K3,45,
91,,,K4,45,
91,,,K5,45,
91,,,K6,45,
91,,,K7,45,
91,,,K8,45,
91,,,K9,45,
91,,,K10,45,
91,,,K11,45,
91,,,K12,45,
91,,,K13,45,
91,,,K14,45,
91,,,K15,45,
91,,,K16,45,
91,,,K17,45,
91,,,K18,45,
91,,,K19,45,
91,,,K20,45,
91,,,K21,45,
91,,,K22,45,
91,,,K23,45,
91,,,K24,45,
91,,,L1,45,
91,,,L2,45,
91,,,L3,45,
91,,,L4,45,
91,,,L5,45,
91,,,L6,45,
91,,,L7,45,
91,,,L8,45,
91,,,L9,45,
91,,,L10,45,
91,,,L11,45,
91,,,L12,45,
91,,,L13,45,
91,,,L14,45,
91,,,L15,45,
91,,,L16,45,
91,,,L17,45,
91,,,L18,45,
91,,,L19,45,
91,,,L20,45,
91,,,L21,45,
91,,,L22,45,
91,,,L23,45,
91,,,L24,45,
91,,,M1,45,
91,,,M2,45,
91,,,M3,45,
91,,,M4,45,
91,,,M5,45,
91,,,M6,45,
91,,,M7,45,
91,,,M8,45,
91,,,M9,45,
91,,,M10,45,
91,,,M11,45,
91,,,M12,45,
91,,,M13,45,
91,,,M14,45,
91,,,M15,45,
91,,,M16,45,
91,,,M17,45,
91,,,M18,45,
91,,,M19,45,
91,,,M20,45,
91,,,M21,45,
91,,,M22,45,
91,,,M23,45,
91,,,M24,45,
91,,,N1,45,
91,,,N2,45,
91,,,N3,45,
91,,,N4,45,
91,,,N5,45,
91,,,N6,45,
91,,,N7,45,
91,,,N8,45,
91,,,N9,45,
91,,,N10,45,
91,,,N11,45,
91,,,N12,45,
91,,,N13,45,
91,,,N14,45,
91,,,N15,45,
91,,,N16,45,
91,,,N17,45,
91,,,N18,45,
91,,,N19,45,
91,,,N20,45,
91,,,N21,45,
91,,,N22,45,
91,,,N23,45,
91,,,N24,45,
91,,,O1,45,
91,,,O2,45,
91,,,O3,45,
91,,,O4,45,
91,,,O5,45,
91,,,O6,45,
91,,,O7,45,
91,,,O8,45,
91,,,O9,45,
91,,,O10,45,
91,,,O11,45,
91,,,O12,45,
91,,,O13,45,
91,,,O14,45,
91,,,O15,45,
91,,,O16,45,
91,,,O17,45,
91,,,O18,45,
91,,,O19,45,
91,,,O20,45,
91,,,O21,45,
91,,,O22,45,
91,,,O23,45,
91,,,O24,45,
91,,,P1,45,
91,,,P2,45,
91,,,P3,45,
91,,,P4,45,
91,,,P5,45,
91,,,P6,45,
91,,,P7,45,
91,,,P8,45,
91,,,P9,45,
91,,,P10,45,
91,,,P11,45,
91,,,P12,45,
91,,,P13,45,
91,,,P14,45,
91,,,P15,45,
91,,,P16,45,
91,,,P17,45,
91,,,P18,45,
91,,,P19,45,
91,,,P20,45,
91,,,P21,45,
91,,,P22,45,
91,,,P23,45,
91,,,P24,45,
92,,,A1,0,
93,,,A1,45,
93,,,A2,45,
93,,,A3,45,
93,,,A4,45,
93,,,A5,45,
93,,,A6,45,
93,,,A7,45,
93,,,A8,45,
93,,,A9,45,
93,,,A10,45,
93,,,A11,45,
93,,,A12,45,
93,,,A13,45,
93,,,A14,45,
93,,,A15,45,
93,,,A16,45,
93,,,A17,45,
93,,,A18,45,
93,,,A19,45,
93,,,A20,45,
93,,,A21,45,
93,,,A22,45,
93,,,A23,45,
93,,,A24,45,
93,,,B1,45,
93,,,B2,45,
93,,,B3,45,
93,,,B4,45,
93,,,B5,45,
93,,,B6,45,
93,,,B7,45,
93,,,B8,45,
93,,,B9,45,
93,,,B10,45,
93,,,B11,45,
93,,,B12,45,
93,,,B13,45,
93,,,B14,45,
93,,,B15,45,
93,,,B16,45,
93,,,B17,45,
93,,,B18,45,
93,,,B19,45,
93,,,B20,45,
93,,,B21,45,
93,,,B22,45,
93,,,B23,45,
93,,,B24,45,
93,,,C1,45,
93,,,C2,45,
93,,,C3,45,
93,,,C4,45,
93,,,C5,45,
93,,,C6,45,
93,,,C7,45,
93,,,C8,45,
93,,,C9,45,
93,,,C10,45,
93,,,C11,45,
93,,,C12,45,
93,,,C13,45,
93,,,C14,45,
93,,,C15,45,
93,,,C16,45,
93,,,C17,45,
93,,,C18,45,
93,,,C19,45,
93,,,C20,45,
93,,,C21,45,
93,,,C22,45,
93,,,C23,45,
93,,,C24,45,
93,,,D1,45,
93,,,D2,45,
93,,,D3,45,
93,,,D4,45,
93,,,D5,45,
93,,,D6,45,
93,,,D7,45,
93,,,D8,45,
93,,,D9,45,
93,,,D10,45,
93,,,D11,45,
93,,,D12,45,
93,,,D13,45,
93,,,D14,45,
93,,,D15,45,
93,,,D16,45,
93,,,D17,45,
93,,,D18,45,
93,,,D19,45,
93,,,D20,45,
93,,,D21,45,
93,,,D22,45,
93,,,D23,45,
93,,,D24,45,
93,,,E1,45,
93,,,E2,45,
93,,,E3,45,
93,,,E4,45,
93,,,E5,45,
93,,,E6,45,
93,,,E7,45,
93,,,E8,45,
93,,,E9,45,
93,,,E10,45,
93,,,E11,45,
93,,,E12,45,
93,,,E13,45,
93,,,E14,45,
93,,,E15,45,
93,,,E16,45,
93,,,E17,45,
93,,,E18,45,
93,,,E19,45,
93,,,E20,45,
93,,,E21,45,
93,,,E22,45,
93,,,E23,45,
93,,,E24,45,
93,,,F1,45,
93,,,F2,45,
93,,,F3,45,
93,,,F4,45,
93,,,F5,45,
93,,,F6,45,
93,,,F7,45,
93,,,F8,45,
93,,,F9,45,
93,,,F10,45,
93,,,F11,45,
93,,,F12,45,
93,,,F13,45,
93,,,F14,45,
93,,,F15,45,
93,,,F16,45,
93,,,F17,45,
93,,,F18,45,
93,,,F19,45,
93,,,F20,45,
93,,,F21,45,
93,,,F22,45,
93,,,F23,45,
93,,,F24,45,
93,,,G1,45,
93,,,G2,45,
93,,,G3,45,
93,,,G4,45,
93,,,G5,45,
93,,,G6,45,
93,,,G7,45,
93,,,G8,45,
93,,,G9,45,
93,,,G10,45,
93,,,G11,45,
93,,,G12,45,
93,,,G13,45,
93,,,G14,45,
93,,,G15,45,
93,,,G16,45,
93,,,G17,45,
93,,,G18,45,
93,,,G19,45,
93,,,G20,45,
93,,,G21,45,
93,,,G22,45,
93,,,G23,45,
93,,,G24,45,
93,,,H1,45,
93,,,H2,45,
93,,,H3,45,
93,,,H4,45,
93,,,H5,45,
93,,,H6,45,
93,,,H7,45,
93,,,H8,45,
93,,,H9,45,
93,,,H10,45,
93,,,H11,45,
93,,,H12,45,
93,,,H13,45,
93,,,H14,45,
93,,,H15,45,
93,,,H16,45,
93,,,H17,45,
93,,,H18,45,
93,,,H19,45,
93,,,H20,45,
93,,,H21,45,
93,,,H22,45,
93,,,H23,45,
93,,,H24,45,
93,,,I1,45,
93,,,I2,45,
93,,,I3,45,
93,,,I4,45,
93,,,I5,45,
93,,,I6,45,
93,,,I7,45,
93,,,I8,45,
93,,,I9,45,
93,,,I10,45,
93,,,I11,45,
93,,,I12,45,
93,,,I13,45,
93,,,I14,45,
93,,,I15,45,
93,,,I16,45,
93,,,I17,45,
93,,,I18,45,
93,,,I19,45,
93,,,I20,45,
93,,,I21,45,
93,,,I22,45,
93,,,I23,45,
93,,,I24,45,
93,,,J1,45,
93,,,J2,45,
93,,,J3,45,
93,,,J4,45,
93,,,J5,45,
93,,,J6,45,
93,,,J7,45,
93,,,J8,45,
93,,,J9,45,
93,,,J10,45,
93,,,J11,45,
93,,,J12,45,
93,,,J13,45,
93,,,J14,45,
93,,,J15,45,
93,,,J16,45,
93,,,J17,45,
93,,,J18,45,
93,,,J19,45,
93,,,J20,45,
93,,,J21,45,
93,,,J22,45,
93,,,J23,45,
93,,,J24,45,
93,,,K1,45,
93,,,K2,45,
93,,,K3,45,
93,,,K4,45,
93,,,K5,45,
93,,,K6,45,
93,,,K7,45,
93,,,K8,45,
93,,,K9,45,
93,,,K10,45,
93,,,K11,45,
93,,,K12,45,
93,,,K13,45,
93,,,K14,45,
93,,,K15,45,
93,,,K16,45,
93,,,K17,45,
93,,,K18,45,
93,,,K19,45,
93,,,K20,45,
93,,,K21,45,
93,,,K22,45,
93,,,K23,45,
93,,,K24,45,
93,,,L1,45,
93,,,L2,45,
93,,,L3,45,
93,,,L4,45,
93,,,L5,45,
93,,,L6,45,
93,,,L7,45,
93,,,L8,45,
93,,,L9,45,
93,,,L10,45,
93,,,L11,45,
93,,,L12,45,
93,,,L13,45,
93,,,L14,45,
93,,,L15,45,
93,,,L16,45,
93,,,L17,45,
93,,,L18,45,
93,,,L19,45,
93,,,L20,45,
93,,,L21,45,
93,,,L22,45,
93,,,L23,45,
93,,,L24,45,
93,,,M1,45,
93,,,M2,45,
93,,,M3,45,
93,,,M4,45,
93,,,M5,45,
93,,,M6,45,
93,,,M7,45,
93,,,M8,45,
93,,,M9,45,
93,,,M10,45,
93,,,M11,45,
93,,,M12,45,
93,,,M13,45,
93,,,M14,45,
93,,,M15,45,
93,,,M16,45,
93,,,M17,45,
93,,,M18,45,
93,,,M19,45,
93,,,M20,45,
93,,,M21,45,
93,,,M22,45,
93,,,M23,45,
93,,,M24,45,
93,,,N1,45,
93,,,N2,45,
93,,,N3,45,
93,,,N4,45,
93,,,N5,45,
93,,,N6,45,
93,,,N7,45,
93,,,N8,45,
93,,,N9,45,
93,,,N10,45,
93,,,N11,45,
93,,,N12,45,
93,,,N13,45,
93,,,N14,45,
93,,,N15,45,
93,,,N16,45,
93,,,N17,45,
93,,,N18,45,
93,,,N19,45,
93,,,N20,45,
93,,,N21,45,
93,,,N22,45,
93,,,N23,45,
93,,,N24,45,
93,,,O1,45,
93,,,O2,45,
93,,,O3,45,
93,,,O4,45,
93,,,O5,45,
93,,,O6,45,
93,,,O7,45,
93,,,O8,45,
93,,,O9,45,
93,,,O10,45,
93,,,O11,45,
93,,,O12,45,
93,,,O13,45,
93,,,O14,45,
93,,,O15,45,
93,,,O16,45,
93,,,O17,45,
93,,,O18,45,
93,,,O19,45,
93,,,O20,45,
93,,,O21,45,
93,,,O22,45,
93,,,O23,45,
93,,,O24,45,
93,,,P1,45,
93,,,P2,45,
93,,,P3,45,
93,,,P4,45,
93,,,P5,45,
93,,,P6,45,
93,,,P7,45,
93,,,P8,45,
93,,,P9,45,
93,,,P10,45,
93,,,P11,45,
93,,,P12,45,
93,,,P13,45,
93,,,P14,45,
93,,,P15,45,
93,,,P16,45,
93,,,P17,45,
93,,,P18,45,
93,,,P19,45,
93,,,P20,45,
93,,,P21,45,
93,,,P22,45,
93,,,P23,45,
93,,,P24,45,
94,,,A1,0,
95,,,A1,5.00000000000004,
95,,,A2,44.9999999999999,
95,,,A3,33.8028190467496,
95,,,A4,45.0000000000002,
95,,,A5,41.8136832896192,
95,,,A6,45,
95,,,A7,5.00000000000004,
95,,,A8,45.0000000000001,
95,,,A9,4.99999999999996,
95,,,A10,45.0000000000001,
95,,,A11,4.99999999999996,
95,,,A12,45.0000000000001,
95,,,B1,0,
95,,,B2,44.9999999999999,
95,,,B3,0,
95,,,B4,45.0000000000002,
95,,,B5,0,
95,,,B6,45,
95,,,B7,0,
95,,,B8,45.0000000000001,
95,,,B9,0,
95,,,B10,45.0000000000001,
95,,,B11,0,
95,,,B12,45.0000000000001,
95,,,C1,0,
95,,,C2,44.9999999999999,
95,,,C3,0,
95,,,C4,45.0000000000002,
95,,,C5,0,
95,,,C6,45,
95,,,C7,0,
95,,,C8,45.0000000000001,
95,,,C9,0,
95,,,C10,45.0000000000001,
95,,,C11,0,
95,,,C12,45.0000000000001,
95,,,D1,0,
95,,,D2,44.9999999999999,
95,,,D3,0,
95,,,D4,45.0000000000002,
95,,,D5,0,
95,,,D6,45,
95,,,D7,0,
95,,,D8,45.0000000000001,
95,,,D9,0,
95,,,D10,45.0000000000001,
95,,,D11,0,
95,,,D12,45.0000000000001,
95,,,E1,0,
95,,,E2,44.9999999999999,
95,,,E3,0,
95,,,E4,45.0000000000002,
95,,,E5,0,
95,,,E6,45,
95,,,E7,0,
95,,,E8,45.0000000000001,
95,,,E9,0,
95,,,E10,45.0000000000001,
95,,,E11,0,
95,,,E12,45.0000000000001,
95,,,F1,0,
95,,,F2,44.9999999999999,
95,,,F3,0,
95,,,F4,45.0000000000002,
95,,,F5,0,
95,,,F6,45,
95,,,F7,0,
95,,,F8,45.0000000000001,
95,,,F9,0,
95,,,F10,45.0000000000001,
95,,,F11,0,
95,,,F12,45.0000000000001,
95,,,G1,0,
95,,,G2,44.9999999999999,
95,,,G3,0,
95,,,G4,45.0000000000002,
95,,,G5,0,
95,,,G6,45,
95,,,G7,0,
95,,,G8,45.0000000000001,
95,,,G9,0,
95,,,G10,45.0000000000001,
95,,,G11,0,
95,,,G12,45.0000000000001,
95,,,H1,0,
95,,,H2,44.9999999999999,
95,,,H3,0,
95,,,H4,45.0000000000002,
95,,,H5,0,
95,,,H6,45,
95,,,H7,0,
95,,,H8,45.0000000000001,
95,,,H9,0,
95,,,H10,45.0000000000001,
95,,,H11,0,
95,,,H12,45.0000000000001,
96,,,A1,0,
97,,,A1,4.99999999999996,
97,,,A2,45.0000000000001,
97,,,A3,5.00000000000004,
97,,,A4,44.9999999999999,
97,,,A5,5.00000000000004,
97,,,A6,44.9999999999999,
97,,,A7,45.4036797009984,
97,,,A8,45.0000000000001,
97,,,A9,5.00000000000004,
97,,,A10,45,
97,,,A11,60.2366073797216,
97,,,A12,45,
97,,,B1,0,
97,,,B2,45.0000000000001,
97,,,B3,0,
97,,,B4,44.9999999999999,
97,,,B5,0,
97,,,B6,44.9999999999999,
97,,,B7,0,
97,,,B8,45.0000000000001,
97,,,B9,0,
97,,,B10,45,
97,,,B11,0,
97,,,B12,45,
97,,,C1,0,
97,,,C2,45.0000000000001,
97,,,C3,0,
97,,,C4,44.9999999999999,
97,,,C5,0,
97,,,C6,44.9999999999999,
97,,,C7,0,
97,,,C8,45.0000000000001,
97,,,C9,0,
97,,,C10,45,
97,,,C11,0,
97,,,C12,45,
97,,,D1,0,
97,,,D2,45.0000000000001,
97,,,D3,0,
97,,,D4,44.9999999999999,
97,,,D5,0,
97,,,D6,44.9999999999999,
97,,,D7,0,
97,,,D8,45.0000000000001,
97,,,D9,0,
97,,,D10,45,
97,,,D11,0,
97,,,D12,45,
97,,,E1,0,
97,,,E2,45.0000000000001,
97,,,E3,0,
97,,,E4,44.9999999999999,
97,,,E5,0,
97,,,E6,44.9999999999999,
97,,,E7,0,
97,,,E8,45.0000000000001,
97,,,E9,0,
97,,,E10,45,
97,,,E11,0,
97,,,E12,45,
97,,,F1,0,
97,,,F2,45.0000000000001,
97,,,F3,0,
97,,,F4,44.9999999999999,
97,,,F5,0,
97,,,F6,44.9999999999999,
97,,,F7,0,
97,,,F8,45.0000000000001,
97,,,F9,0,
97,,,F10,45,
97,,,F11,0,
97,,,F12,45,
97,,,G1,0,
97,,,G2,45.0000000000001,
97,,,G3,0,
97,,,G4,44.9999999999999,
97,,,G5,0,
97,,,G6,44.9999999999999,
97,,,G7,0,
97,,,G8,45.0000000000001,
97,,,G9,0,
97,,,G10,45,
97,,,G11,0,
97,,,G12,45,
97,,,H1,0,
97,,,H2,45.0000000000001,
97,,,H3,0,
97,,,H4,44.9999999999999,
97,,,H5,0,
97,,,H6,44.9999999999999,
97,,,H7,0,
97,,,H8,45.0000000000001,
97,,,H9,0,
97,,,H10,45,
97,,,H11,0,
97,,,H12,45,
98,,,A1,0,
99,,,A1,4.99999999999997,
99,,,A2,45,
99,,,A3,57.3800977978696,
99,,,A4,44.9999999999999,
99,,,A5,58.5421046739272,
99,,,A6,45,
99,,,A7,4.99999999999998,
99,,,A8,45.0000000000002,
99,,,A9,42.4917985710584,
99,,,A10,45,
99,,,A11,53.9644931520608,
99,,,A12,45,
99,,,B1,0,
99,,,B2,45,
99,,,B3,0,
99,,,B4,44.9999999999999,
99,,,B5,0,
99,,,B6,45,
99,,,B7,0,
99,,,B8,45.0000000000002,
99,,,B9,0,
99,,,B10,45,
99,,,B11,0,
99,,,B12,45,
99,,,C1,0,
99,,,C2,45,
99,,,C3,0,
99,,,C4,44.9999999999999,
99,,,C5,0,
99,,,C6,45,
99,,,C7,0,
99,,,C8,45.0000000000002,
99,,,C9,0,
99,,,C10,45,
99,,,C11,0,
99,,,C12,45,
99,,,D1,0,
99,,,D2,45,
99,,,D3,0,
99,,,D4,44.9999999999999,
99,,,D5,0,
99,,,D6,45,
99,,,D7,0,
99,,,D8,45.0000000000002,
99,,,D9,0,
99,,,D10,45,
99,,,D11,0,
99,,,D12,45,
99,,,E1,0,
99,,,E2,45,
99,,,E3,0,
99,,,E4,44.9999999999999,
99,,,E5,0,
99,,,E6,45,
99,,,E7,0,
99,,,E8,45.0000000000002,
99,,,E9,0,
99,,,E10,45,
99,,,E11,0,
99,,,E12,45,
99,,,F1,0,
99,,,F2,45,
99,,,F3,0,
99,,,F4,44.9999999999999,
99,,,F5,0,
99,,,F6,45,
99,,,F7,0,
99,,,F8,45.0000000000002,
99,,,F9,0,
99,,,F10,45,
99,,,F11,0,
99,,,F12,45,
99,,,G1,0,
99,,,G2,45,
99,,,G3,0,
99,,,G4,44.9999999999999,
99,,,G5,0,
99,,,G6,45,
99,,,G7,0,
99,,,G8,45.0000000000002,
99,,,G9,0,
99,,,G10,45,
99,,,G11,0,
99,,,G12,45,
99,,,H1,0,
99,,,H2,45,
99,,,H3,0,
99,,,H4,44.9999999999999,
99,,,H5,0,
99,,,H6,45,
99,,,H7,0,
99,,,H8,45.0000000000002,
99,,,H9,0,
99,,,H10,45,
99,,,H11,0,
99,,,H12,45,
100,,,A1,0,
101,,,A1,40.433699001436,
101,,,A2,44.9999999999999,
101,,,A3,5.00000000000006,
101,,,A4,45.0000000000001,
101,,,A5,4.99999999999996,
101,,,A6,45.0000000000001,
101,,,A7,42.8758187957856,
101,,,A8,45.0000000000001,
101,,,A9,55.813957929224,
101,,,A10,45,
101,,,A11,33.3568850447024,
101,,,A12,45,
101,,,B1,0,
101,,,B2,44.9999999999999,
101,,,B3,0,
101,,,B4,45.0000000000001,
101,,,B5,0,
101,,,B6,45.0000000000001,
101,,,B7,0,
101,,,B8,45.0000000000001,
101,,,B9,0,
101,,,B10,45,
101,,,B11,0,
101,,,B12,45,
101,,,C1,0,
101,,,C2,44.9999999999999,
101,,,C3,0,
101,,,C4,45.0000000000001,
101,,,C5,0,
101,,,C6,45.0000000000001,
101,,,C7,0,
101,,,C8,45.0000000000001,
101,,,C9,0,
101,,,C10,45,
101,,,C11,0,
101,,,C12,45,
101,,,D1,0,
101,,,D2,44.9999999999999,
101,,,D3,0,
101,,,D4,45.0000000000001,
101,,,D5,0,
101,,,D6,45.0000000000001,
101,,,D7,0,
101,,,D8,45.0000000000001,
101,,,D9,0,
101,,,D10,45,
101,,,D11,0,
101,,,D12,45,
101,,,E1,0,
101,,,E2,44.9999999999999,
101,,,E3,0,
101,,,E4,45.0000000000001,
101,,,E5,0,
101,,,E6,45.0000000000001,
101,,,E7,0,
101,,,E8,45.0000000000001,
101,,,E9,0,
101,,,E10,45,
101,,,E11,0,
101,,,E12,45,
101,,,F1,0,
101,,,F2,44.9999999999999,
101,,,F3,0,
101,,,F4,45.0000000000001,
101,,,F5,0,
101,,,F6,45.0000000000001,
101,,,F7,0,
101,,,F8,45.0000000000001,
101,,,F9,0,
101,,,F10,45,
101,,,F11,0,
101,,,F12,45,
101,,,G1,0,
101,,,G2,44.9999999999999,
101,,,G3,0,
101,,,G4,45.0000000000001,
101,,,G5,0,
101,,,G6,45.0000000000001,
101,,,G7,0,
101,,,G8,45.0000000000001,
101,,,G9,0,
101,,,G10,45,
101,,,G11,0,
101,,,G12,45,
101,,,H1,0,
101,,,H2,44.9999999999999,
101,,,H3,0,
101,,,H4,45.0000000000001,
101,,,H5,0,
101,,,H6,45.0000000000001,
101,,,H7,0,
101,,,H8,45.0000000000001,
101,,,H9,0,
101,,,H10,45,
101,,,H11,0,
101,,,H12,45,
102,,,A1,0,
103,,,A1,39.8323494747696,
103,,,A2,45.0000000000001,
103,,,A3,34.135214067164,
103,,,A4,45,
103,,,A5,57.3800977978696,
103,,,A6,44.9999999999999,
103,,,A7,5.00000000000004,
103,,,A8,44.9999999999999,
103,,,A9,4.99999999999997,
103,,,A10,45.0000000000001,
103,,,A11,4.99999999999998,
103,,,A12,45.0000000000001,
103,,,B1,0,
103,,,B2,45.0000000000001,
103,,,B3,0,
103,,,B4,45,
103,,,B5,0,
103,,,B6,44.9999999999999,
103,,,B7,0,
103,,,B8,44.9999999999999,
103,,,B9,0,
103,,,B10,45.0000000000001,
103,,,B11,0,
103,,,B12,45.0000000000001,
103,,,C1,0,
103,,,C2,45.0000000000001,
103,,,C3,0,
103,,,C4,45,
103,,,C5,0,
103,,,C6,44.9999999999999,
103,,,C7,0,
103,,,C8,44.9999999999999,
103,,,C9,0,
103,,,C10,45.0000000000001,
103,,,C11,0,
103,,,C12,45.0000000000001,
103,,,D1,0,
103,,,D2,45.0000000000001,
103,,,D3,0,
103,,,D4,45,
103,,,D5,0,
103,,,D6,44.9999999999999,
103,,,D7,0,
103,,,D8,44.9999999999999,
103,,,D9,0,
103,,,D10,45.0000000000001,
103,,,D11,0,
103,,,D12,45.0000000000001,
103,,,E1,0,
103,,,E2,45.0000000000001,
103,,,E3,0,
103,,,E4,45,
103,,,E5,0,
103,,,E6,44.9999999999999,
103,,,E7,0,
103,,,E8,44.9999999999999,
103,,,E9,0,
103,,,E10,45.0000000000001,
103,,,E11,0,
103,,,E12,45.0000000000001,
103,,,F1,0,
103,,,F2,45.0000000000001,
103,,,F3,0,
103,,,F4,45,
103,,,F5,0,
103,,,F6,44.9999999999999,
103,,,F7,0,
103,,,F8,44.9999999999999,
103,,,F9,0,
103,,,F10,45.0000000000001,
103,,,F11,0,
103,,,F12,45.0000000000001,
103,,,G1,0,
103,,,G2,45.0000000000001,
103,,,G3,0,
103,,,G4,45,
103,,,G5,0,
103,,,G6,44.9999999999999,
103,,,G7,0,
103,,,G8,44.9999999999999,
103,,,G9,0,
103,,,G10,45.0000000000001,
103,,,G11,0,
103,,,G12,45.0000000000001,
103,,,H1,0,
103,,,H2,45.0000000000001,
103,,,H3,0,
103,,,H4,45,
103,,,H5,0,
103,,,H6,44.9999999999999,
103,,,H7,0,
103,,,H8,44.9999999999999,
103,,,H9,0,
103,,,H10,45.0000000000001,
103,,,H11,0,
103,,,H12,45.0000000000001,
104,,,A1,0,
105,,,A1,0,
105,,,A2,0,
105,,,A3,0,
105,,,A4,0,
105,,,A5,0,
105,,,A6,0,
105,,,A7,0,
105,,,A8,0,
105,,,A9,0,
105,,,A10,0,
105,,,A11,0,
105,,,A12,0,
105,,,B1,0,
105,,,B2,0,
105,,,B3,0,
105,,,B4,0,
105,,,B5,0,
105,,,B6,0,
105,,,B7,0,
105,,,B8,0,
105,,,B9,0,
105,,,B10,0,
105,,,B11,0,
105,,,B12,0,
105,,,C1,0,
105,,,C2,0,
105,,,C3,0,
105,,,C4,0,
105,,,C5,0,
105,,,C6,0,
105,,,C7,0,
105,,,C8,0,
105,,,C9,0,
105,,,C10,0,
105,,,C11,0,
105,,,C12,0,
105,,,D1,0,
105,,,D2,0,
105,,,D3,0,
105,,,D4,0,
105,,,D5,0,
105,,,D6,0,
105,,,D7,0,
105,,,D8,0,
105,,,D9,0,
105,,,D10,0,
105,,,D11,0,
105,,,D12,0,
105,,,E1,0,
105,,,E2,0,
105,,,E3,0,
105,,,E4,0,
105,,,E5,0,
105,,,E6,0,
105,,,E7,0,
105,,,E8,0,
105,,,E9,0,
105,,,E10,0,
105,,,E11,0,
105,,,E12,0,
105,,,F1,0,
105,,,F2,0,
105,,,F3,0,
105,,,F4,0,
105,,,F5,0,
105,,,F6,0,
105,,,F7,0,
105,,,F8,0,
105,,,F9,0,
105,,,F10,0,
105,,,F11,0,
105,,,F12,0,
105,,,G1,0,
105,,,G2,0,
105,,,G3,0,
105,,,G4,0,
105,,,G5,0,
105,,,G6,0,
105,,,G7,0,
105,,,G8,0,
105,,,G9,0,
105,,,G10,0,
105,,,G11,0,
105,,,G12,0,
105,,,H1,0,
105,,,H2,0,
105,,,H3,0,
105,,,H4,0,
105,,,H5,0,
105,,,H6,0,
105,,,H7,0,
105,,,H8,0,
105,,,H9,0,
105,,,H10,0,
105,,,H11,0,
105,,,H12,0,
106,,,A1,0,
107,,,A1,0,
107,,,A2,0,
107,,,A3,0,
107,,,A4,0,
107,,,A5,0,
107,,,A6,0,
107,,,A7,0,
107,,,A8,0,
107,,,A9,0,
107,,,A10,0,
107,,,A11,0,
107,,,A12,0,
107,,,B1,0,
107,,,B2,0,
107,,,B3,0,
107,,,B4,0,
107,,,B5,0,
107,,,B6,0,
107,,,B7,0,
107,,,B8,0,
107,,,B9,0,
107,,,B10,0,
107,,,B11,0,
107,,,B12,0,
107,,,C1,0,
107,,,C2,0,
107,,,C3,0,
107,,,C4,0,
107,,,C5,0,
107,,,C6,0,
107,,,C7,0,
107,,,C8,0,
107,,,C9,0,
107,,,C10,0,
107,,,C11,0,
107,,,C12,0,
107,,,D1,0,
107,,,D2,0,
107,,,D3,0,
107,,,D4,0,
107,,,D5,0,
107,,,D6,0,
107,,,D7,0,
107,,,D8,0,
107,,,D9,0,
107,,,D10,0,
107,,,D11,0,
107,,,D12,0,
107,,,E1,0,
107,,,E2,0,
107,,,E3,0,
107,,,E4,0,
107,,,E5,0,
107,,,E6,0,
107,,,E7,0,
107,,,E8,0,
107,,,E9,0,
107,,,E10,0,
107,,,E11,0,
107,,,E12,0,
107,,,F1,0,
107,,,F2,0,
107,,,F3,0,
107,,,F4,0,
107,,,F5,0,
107,,,F6,0,
107,,,F7,0,
107,,,F8,0,
107,,,F9,0,
107,,,F10,0,
107,,,F11,0,
107,,,F12,0,
107,,,G1,0,
107,,,G2,0,
107,,,G3,0,
107,,,G4,0,
107,,,G5,0,
107,,,G6,0,
107,,,G7,0,
107,,,G8,0,
107,,,G9,0,
107,,,G10,0,
107,,,G11,0,
107,,,G12,0,
107,,,H1,0,
107,,,H2,0,
107,,,H3,0,
107,,,H4,0,
107,,,H5,0,
107,,,H6,0,
107,,,H7,0,
107,,,H8,0,
107,,,H9,0,
107,,,H10,0,
107,,,H11,0,
107,,,H12,0,
108,,,A1,0,
109,,,A1,0,
109,,,A2,0,
109,,,A3,0,
109,,,A4,0,
109,,,A5,0,
109,,,A6,0,
109,,,A7,0,
109,,,A8,0,
109,,,A9,0,
109,,,A10,0,
109,,,A11,0,
109,,,A12,0,
109,,,B1,0,
109,,,B2,0,
109,,,B3,0,
109,,,B4,0,
109,,,B5,0,
109,,,B6,0,
109,,,B7,0,
109,,,B8,0,
109,,,B9,0,
109,,,B10,0,
109,,,B11,0,
109,,,B12,0,
109,,,C1,0,
109,,,C2,0,
109,,,C3,0,
109,,,C4,0,
109,,,C5,0,
109,,,C6,0,
109,,,C7,0,
109,,,C8,0,
109,,,C9,0,
109,,,C10,0,
109,,,C11,0,
109,,,C12,0,
109,,,D1,0,
109,,,D2,0,
109,,,D3,0,
109,,,D4,0,
109,,,D5,0,
109,,,D6,0,
109,,,D7,0,
109,,,D8,0,
109,,,D9,0,
109,,,D10,0,
109,,,D11,0,
109,,,D12,0,
109,,,E1,0,
109,,,E2,0,
109,,,E3,0,
109,,,E4,0,
109,,,E5,0,
109,,,E6,0,
109,,,E7,0,
109,,,E8,0,
109,,,E9,0,
109,,,E10,0,
109,,,E11,0,
109,,,E12,0,
109,,,F1,0,
109,,,F2,0,
109,,,F3,0,
109,,,F4,0,
109,,,F5,0,
109,,,F6,0,
109,,,F7,0,
109,,,F8,0,
109,,,F9,0,
109,,,F10,0,
109,,,F11,0,
109,,,F12,0,
109,,,G1,0,
109,,,G2,0,
109,,,G3,0,
109,,,G4,0,
109,,,G5,0,
109,,,G6,0,
109,,,G7,0,
109,,,G8,0,
109,,,G9,0,
109,,,G10,0,
109,,,G11,0,
109,,,G12,0,
109,,,H1,0,
109,,,H2,0,
109,,,H3,0,
109,,,H4,0,
109,,,H5,0,
109,,,H6,0,
109,,,H7,0,
109,,,H8,0,
109,,,H9,0,
109,,,H10,0,
109,,,H11,0,
109,,,H12,0,
110,,,A1,0,
111,,,A1,0,
111,,,A2,0,
111,,,A3,0,
111,,,A4,0,
111,,,A5,0,
111,,,A6,0,
111,,,A7,0,
111,,,A8,0,
111,,,A9,0,
111,,,A10,0,
111,,,A11,0,
111,,,A12,0,
111,,,B1,0,
111,,,B2,0,
111,,,B3,0,
111,,,B4,0,
111,,,B5,0,
111,,,B6,0,
111,,,B7,0,
111,,,B8,0,
111,,,B9,0,
111,,,B10,0,
111,,,B11,0,
111,,,B12,0,
111,,,C1,0,
111,,,C2,0,
111,,,C3,0,
111,,,C4,0,
111,,,C5,0,
111,,,C6,0,
111,,,C7,0,
111,,,C8,0,
111,,,C9,0,
111,,,C10,0,
111,,,C11,0,
111,,,C12,0,
111,,,D1,0,
111,,,D2,0,
111,,,D3,0,
111,,,D4,0,
111,,,D5,0,
111,,,D6,0,
111,,,D7,0,
111,,,D8,0,
111,,,D9,0,
111,,,D10,0,
111,,,D11,0,
111,,,D12,0,
111,,,E1,0,
111,,,E2,0,
111,,,E3,0,
111,,,E4,0,
111,,,E5,0,
111,,,E6,0,
111,,,E7,0,
111,,,E8,0,
111,,,E9,0,
111,,,E10,0,
111,,,E11,0,
111,,,E12,0,
111,,,F1,0,
111,,,F2,0,
111,,,F3,0,
111,,,F4,0,
111,,,F5,0,
111,,,F6,0,
111,,,F7,0,
111,,,F8,0,
111,,,F9,0,
111,,,F10,0,
111,,,F11,0,
111,,,F12,0,
111,,,G1,0,
111,,,G2,0,
111,,,G3,0,
111,,,G4,0,
111,,,G5,0,
111,,,G6,0,
111,,,G7,0,
111,,,G8,0,
111,,,G9,0,
111,,,G10,0,
111,,,G11,0,
111,,,G12,0,
111,,,H1,0,
111,,,H2,0,
111,,,H3,0,
111,,,H4,0,
111,,,H5,0,
111,,,H6,0,
111,,,H7,0,
111,,,H8,0,
111,,,H9,0,
111,,,H10,0,
111,,,H11,0,
111,,,H12,0,
112,,,A1,0,
113,,,A1,0,
113,,,A2,0,
113,,,A3,0,
113,,,A4,0,
113,,,A5,0,
113,,,A6,0,
113,,,A7,0,
113,,,A8,0,
113,,,A9,0,
113,,,A10,0,
113,,,A11,0,
113,,,A12,0,
113,,,B1,0,
113,,,B2,0,
113,,,B3,0,
113,,,B4,0,
113,,,B5,0,
113,,,B6,0,
113,,,B7,0,
113,,,B8,0,
113,,,B9,0,
113,,,B10,0,
113,,,B11,0,
113,,,B12,0,
113,,,C1,0,
113,,,C2,0,
113,,,C3,0,
113,,,C4,0,
113,,,C5,0,
113,,,C6,0,
113,,,C7,0,
113,,,C8,0,
113,,,C9,0,
113,,,C10,0,
113,,,C11,0,
113,,,C12,0,
113,,,D1,0,
113,,,D2,0,
113,,,D3,0,
113,,,D4,0,
113,,,D5,0,
113,,,D6,0,
113,,,D7,0,
113,,,D8,0,
113,,,D9,0,
113,,,D10,0,
113,,,D11,0,
113,,,D12,0,
113,,,E1,0,
113,,,E2,0,
113,,,E3,0,
113,,,E4,0,
113,,,E5,0,
113,,,E6,0,
113,,,E7,0,
113,,,E8,0,
113,,,E9,0,
113,,,E10,0,
113,,,E11,0,
113,,,E12,0,
113,,,F1,0,
113,,,F2,0,
113,,,F3,0,
113,,,F4,0,
113,,,F5,0,
113,,,F6,0,
113,,,F7,0,
113,,,F8,0,
113,,,F9,0,
113,,,F10,0,
113,,,F11,0,
113,,,F12,0,
113,,,G1,0,
113,,,G2,0,
113,,,G3,0,
113,,,G4,0,
113,,,G5,0,
113,,,G6,0,
113,,,G7,0,
113,,,G8,0,
113,,,G9,0,
113,,,G10,0,
113,,,G11,0,
113,,,G12,0,
113,,,H1,0,
113,,,H2,0,
113,,,H3,0,
113,,,H4,0,
113,,,H5,0,
113,,,H6,0,
113,,,H7,0,
113,,,H8,0,
113,,,H9,0,
113,,,H10,0,
113,,,H11,0,
113,,,H12,0,
114,,,A1,0,
115,,,A1,0,
115,,,A2,0,
115,,,A3,0,
115,,,A4,0,
115,,,A5,0,
115,,,A6,0,
115,,,A7,0,
115,,,A8,0,
115,,,A9,0,
115,,,A10,0,
115,,,A11,0,
115,,,A12,0,
115,,,B1,0,
115,,,B2,0,
115,,,B3,0,
115,,,B4,0,
115,,,B5,0,
115,,,B6,0,
115,,,B7,0,
115,,,B8,0,
115,,,B9,0,
115,,,B10,0,
115,,,B11,0,
115,,,B12,0,
115,,,C1,0,
115,,,C2,0,
115,,,C3,0,
115,,,C4,0,
115,,,C5,0,
115,,,C6,0,
115,,,C7,0,
115,,,C8,0,
115,,,C9,0,
115,,,C10,0,
115,,,C11,0,
115,,,C12,0,
115,,,D1,0,
115,,,D2,0,
115,,,D3,0,
115,,,D4,0,
115,,,D5,0,
115,,,D6,0,
115,,,D7,0,
115,,,D8,0,
115,,,D9,0,
115,,,D10,0,
115,,,D11,0,
115,,,D12,0,
115,,,E1,0,
115,,,E2,0,
115,,,E3,0,
115,,,E4,0,
115,,,E5,0,
115,,,E6,0,
115,,,E7,0,
115,,,E8,0,
115,,,E9,0,
115,,,E10,0,
115,,,E11,0,
115,,,E12,0,
115,,,F1,0,
115,,,F2,0,
115,,,F3,0,
115,,,F4,0,
115,,,F5,0,
115,,,F6,0,
115,,,F7,0,
115,,,F8,0,
115,,,F9,0,
115,,,F10,0,
115,,,F11,0,
115,,,F12,0,
115,,,G1,0,
115,,,G2,0,
115,,,G3,0,
115,,,G4,0,
115,,,G5,0,
115,,,G6,0,
115,,,G7,0,
115,,,G8,0,
115,,,G9,0,
115,,,G10,0,
115,,,G11,0,
115,,,G12,0,
115,,,H1,0,
115,,,H2,0,
115,,,H3,0,
115,,,H4,0,
115,,,H5,0,
115,,,H6,0,
115,,,H7,0,
115,,,H8,0,
115,,,H9,0,
115,,,H10,0,
115,,,H11,0,
115,,,H12,0,
116,,,A1,0,
117,,,A1,0,
117,,,A2,0,
117,,,A3,0,
117,,,A4,0,
117,,,A5,0,
117,,,A6,0,
117,,,A7,0,
117,,,A8,0,
117,,,A9,0,
117,,,A10,0,
117,,,A11,0,
117,,,A12,0,
117,,,B1,0,
117,,,B2,0,
117,,,B3,0,
117,,,B4,0,
117,,,B5,0,
117,,,B6,0,
117,,,B7,0,
117,,,B8,0,
117,,,B9,0,
117,,,B10,0,
117,,,B11,0,
117,,,B12,0,
117,,,C1,0,
117,,,C2,0,
117,,,C3,0,
117,,,C4,0,
117,,,C5,0,
117,,,C6,0,
117,,,C7,0,
117,,,C8,0,
117,,,C9,0,
117,,,C10,0,
117,,,C11,0,
117,,,C12,0,
117,,,D1,0,
117,,,D2,0,
117,,,D3,0,
117,,,D4,0,
117,,,D5,0,
117,,,D6,0,
117,,,D7,0,
117,,,D8,0,
117,,,D9,0,
117,,,D10,0,
117,,,D11,0,
117,,,D12,0,
117,,,E1,0,
117,,,E2,0,
117,,,E3,0,
117,,,E4,0,
117,,,E5,0,
117,,,E6,0,
117,,,E7,0,
117,,,E8,0,
117,,,E9,0,
117,,,E10,0,
117,,,E11,0,
117,,,E12,0,
117,,,F1,0,
117,,,F2,0,
117,,,F3,0,
117,,,F4,0,
117,,,F5,0,
117,,,F6,0,
117,,,F7,0,
117,,,F8,0,
117,,,F9,0,
117,,,F10,0,
117,,,F11,0,
117,,,F12,0,
117,,,G1,0,
117,,,G2,0,
117,,,G3,0,
117,,,G4,0,
117,,,G5,0,
117,,,G6,0,
117,,,G7,0,
117,,,G8,0,
117,,,G9,0,
117,,,G10,0,
117,,,G11,0,
117,,,G12,0,
117,,,H1,0,
117,,,H2,0,
117,,,H3,0,
117,,,H4,0,
117,,,H5,0,
117,,,H6,0,
117,,,H7,0,
117,,,H8,0,
117,,,H9,0,
117,,,H10,0,
117,,,H11,0,
117,,,H12,0,
118,,,A1,0,
119,,,A1,0,
119,,,A2,0,
119,,,A3,0,
119,,,A4,0,
119,,,A5,0,
119,,,A6,0,
119,,,A7,0,
119,,,A8,0,
119,,,A9,0,
119,,,A10,0,
119,,,A11,0,
119,,,A12,0,
119,,,B1,0,
119,,,B2,0,
119,,,B3,0,
119,,,B4,0,
119,,,B5,0,
119,,,B6,0,
119,,,B7,0,
119,,,B8,0,
119,,,B9,0,
119,,,B10,0,
119,,,B11,0,
119,,,B12,0,
119,,,C1,0,
119,,,C2,0,
119,,,C3,0,
119,,,C4,0,
119,,,C5,0,
119,,,C6,0,
119,,,C7,0,
119,,,C8,0,
119,,,C9,0,
119,,,C10,0,
119,,,C11,0,
119,,,C12,0,
119,,,D1,0,
119,,,D2,0,
119,,,D3,0,
119,,,D4,0,
119,,,D5,0,
119,,,D6,0,
119,,,D7,0,
119,,,D8,0,
119,,,D9,0,
119,,,D10,0,
119,,,D11,0,
119,,,D12,0,
119,,,E1,0,
119,,,E2,0,
119,,,E3,0,
119,,,E4,0,
119,,,E5,0,
119,,,E6,0,
119,,,E7,0,
119,,,E8,0,
119,,,E9,0,
119,,,E10,0,
119,,,E11,0,
119,,,E12,0,
119,,,F1,0,
119,,,F2,0,
119,,,F3,0,
119,,,F4,0,
119,,,F5,0,
119,,,F6,0,
119,,,F7,0,
119,,,F8,0,
119,,,F9,0,
119,,,F10,0,
119,,,F11,0,
119,,,F12,0,
119,,,G1,0,
119,,,G2,0,
119,,,G3,0,
119,,,G4,0,
119,,,G5,0,
119,,,G6,0,
119,,,G7,0,
119,,,G8,0,
119,,,G9,0,
119,,,G10,0,
119,,,G11,0,
119,,,G12,0,
119,,,H1,0,
119,,,H2,0,
119,,,H3,0,
119,,,H4,0,
119,,,H5,0,
119,,,H6,0,
119,,,H7,0,
119,,,H8,0,
119,,,H9,0,
119,,,H10,0,
119,,,H11,0,
119,,,H12,0,
120,,,A1,0,
121,,,A1,0,
121,,,A2,0,
121,,,A3,0,
121,,,A4,0,
121,,,A5,0,
121,,,A6,0,
121,,,A7,0,
121,,,A8,0,
121,,,A9,0,
121,,,A10,0,
121,,,A11,0,
121,,,A12,0,
121,,,B1,0,
121,,,B2,0,
121,,,B3,0,
121,,,B4,0,
121,,,B5,0,
121,,,B6,0,
121,,,B7,0,
121,,,B8,0,
121,,,B9,0,
121,,,B10,0,
121,,,B11,0,
121,,,B12,0,
121,,,C1,0,
121,,,C2,0,
121,,,C3,0,
121,,,C4,0,
121,,,C5,0,
121,,,C6,0,
121,,,C7,0,
121,,,C8,0,
121,,,C9,0,
121,,,C10,0,
121,,,C11,0,
121,,,C12,0,
121,,,D1,0,
121,,,D2,0,
121,,,D3,0,
121,,,D4,0,
121,,,D5,0,
121,,,D6,0,
121,,,D7,0,
121,,,D8,0,
121,,,D9,0,
121,,,D10,0,
121,,,D11,0,
121,,,D12,0,
121,,,E1,0,
121,,,E2,0,
121,,,E3,0,
121,,,E4,0,
121,,,E5,0,
121,,,E6,0,
121,,,E7,0,
121,,,E8,0,
121,,,E9,0,
121,,,E10,0,
121,,,E11,0,
121,,,E12,0,
121,,,F1,0,
121,,,F2,0,
121,,,F3,0,
121,,,F4,0,
121,,,F5,0,
121,,,F6,0,
121,,,F7,0,
121,,,F8,0,
121,,,F9,0,
121,,,F10,0,
121,,,F11,0,
121,,,F12,0,
121,,,G1,0,
121,,,G2,0,
121,,,G3,0,
121,,,G4,0,
121,,,G5,0,
121,,,G6,0,
121,,,G7,0,
121,,,G8,0,
121,,,G9,0,
121,,,G10,0,
121,,,G11,0,
121,,,G12,0,
121,,,H1,0,
121,,,H2,0,
121,,,H3,0,
121,,,H4,0,
121,,,H5,0,
121,,,H6,0,
121,,,H7,0,
121,,,H8,0,
121,,,H9,0,
121,,,H10,0,
121,,,H11,0,
121,,,H12,0,
122,,,A1,0,
123,,,A1,16000,
123,,,A2,16000,
123,,,A3,16000,
123,,,A4,16000,
123,,,A5,16000,
123,,,A6,16000,
123,,,A7,16000,
123,,,A8,16000,
123,,,A9,16000,
123,,,A10,16000,
123,,,A11,16000,
123,,,A12,16000,
124,,,A1,0,
125,,,A1,16000,
125,,,A2,16000,
125,,,A3,16000,
125,,,A4,16000,
125,,,A5,16000,
125,,,A6,16000,
125,,,A7,16000,
125,,,A8,16000,
125,,,A9,16000,
125,,,A10,16000,
125,,,A11,16000,
125,,,A12,16000,
126,,,A1,0,
127,,,A1,45,
127,,,A2,50,
127,,,A3,50,
127,,,A4,50,
127,,,A5,50,
127,,,A6,50,
127,,,A7,50,
127,,,A8,50,
127,,,A9,50,
127,,,A10,50,
127,,,A11,50,
127,,,A12,50,
127,,,A13,50,
127,,,A14,50,
127,,,A15,50,
127,,,A16,50,
127,,,A17,50,
127,,,A18,50,
127,,,A19,50,
127,,,A20,50,
127,,,A21,50,
127,,,A22,50,
127,,,A23,50,
127,,,A24,50,
127,,,B1,45,
127,,,B2,50,
127,,,B3,50,
127,,,B4,50,
127,,,B5,50,
127,,,B6,50,
127,,,B7,50,
127,,,B8,50,
127,,,B9,50,
127,,,B10,50,
127,,,B11,50,
127,,,B12,50,
127,,,B13,50,
127,,,B14,50,
127,,,B15,50,
127,,,B16,50,
127,,,B17,50,
127,,,B18,50,
127,,,B19,50,
127,,,B20,50,
127,,,B21,50,
127,,,B22,50,
127,,,B23,50,
127,,,B24,50,
127,,,C1,45,
127,,,C2,50,
127,,,C3,50,
127,,,C4,50,
127,,,C5,50,
127,,,C6,50,
127,,,C7,50,
127,,,C8,50,
127,,,C9,50,
127,,,C10,50,
127,,,C11,50,
127,,,C12,50,
127,,,C13,50,
127,,,C14,50,
127,,,C15,50,
127,,,C16,50,
127,,,C17,50,
127,,,C18,50,
127,,,C19,50,
127,,,C20,50,
127,,,C21,50,
127,,,C22,50,
127,,,C23,50,
127,,,C24,50,
127,,,D1,45,
127,,,D2,50,
127,,,D3,50,
127,,,D4,50,
127,,,D5,50,
127,,,D6,50,
127,,,D7,50,
127,,,D8,50,
127,,,D9,50,
127,,,D10,50,
127,,,D11,50,
127,,,D12,50,
127,,,D13,50,
127,,,D14,50,
127,,,D15,50,
127,,,D16,50,
127,,,D17,50,
127,,,D18,50,
127,,,D19,50,
127,,,D20,50,
127,,,D21,50,
127,,,D22,50,
127,,,D23,50,
127,,,D24,50,
127,,,E1,45,
127,,,E2,50,
127,,,E3,50,
127,,,E4,50,
127,,,E5,50,
127,,,E6,50,
127,,,E7,50,
127,,,E8,50,
127,,,E9,50,
127,,,E10,50,
127,,,E11,50,
127,,,E12,50,
127,,,E13,50,
127,,,E14,50,
127,,,E15,50,
127,,,E16,50,
127,,,E17,50,
127,,,E18,50,
127,,,E19,50,
127,,,E20,50,
127,,,E21,50,
127,,,E22,50,
127,,,E23,50,
127,,,E24,50,
127,,,F1,45,
127,,,F2,50,
127,,,F3,50,
127,,,F4,50,
127,,,F5,50,
127,,,F6,50,
127,,,F7,50,
127,,,F8,50,
127,,,F9,50,
127,,,F10,50,
127,,,F11,50,
127,,,F12,50,
127,,,F13,50,
127,,,F14,50,
127,,,F15,50,
127,,,F16,50,
127,,,F17,50,
127,,,F18,50,
127,,,F19,50,
127,,,F20,50,
127,,,F21,50,
127,,,F22,50,
127,,,F23,50,
127,,,F24,50,
127,,,G1,45,
127,,,G2,50,
127,,,G3,50,
127,,,G4,50,
127,,,G5,50,
127,,,G6,50,
127,,,G7,50,
127,,,G8,50,
127,,,G9,50,
127,,,G10,50,
127,,,G11,50,
127,,,G12,50,
127,,,G13,50,
127,,,G14,50,
127,,,G15,50,
127,,,G16,50,
127,,,G17,50,
127,,,G18,50,
127,,,G19,50,
127,,,G20,50,
127,,,G21,50,
127,,,G22,50,
127,,,G23,50,
127,,,G24,50,
127,,,H1,45,
127,,,H2,50,
127,,,H3,50,
127,,,H4,50,
127,,,H5,50,
127,,,H6,50,
127,,,H7,50,
127,,,H8,50,
127,,,H9,50,
127,,,H10,50,
127,,,H11,50,
127,,,H12,50,
127,,,H13,50,
127,,,H14,50,
127,,,H15,50,
127,,,H16,50,
127,,,H17,50,
127,,,H18,50,
127,,,H19,50,
127,,,H20,50,
127,,,H21,50,
127,,,H22,50,
127,,,H23,50,
127,,,H24,50,
127,,,I1,45,
127,,,I2,50,
127,,,I3,50,
127,,,I4,50,
127,,,I5,50,
127,,,I6,50,
127,,,I7,50,
127,,,I8,50,
127,,,I9,50,
127,,,I10,50,
127,,,I11,50,
127,,,I12,50,
127,,,I13,50,
127,,,I14,50,
127,,,I15,50,
127,,,I16,50,
127,,,I17,50,
127,,,I18,50,
127,,,I19,50,
127,,,I20,50,
127,,,I21,50,
127,,,I22,50,
127,,,I23,50,
127,,,I24,50,
127,,,J1,45,
127,,,J2,50,
127,,,J3,50,
127,,,J4,50,
127,,,J5,50,
127,,,J6,50,
127,,,J7,50,
127,,,J8,50,
127,,,J9,50,
127,,,J10,50,
127,,,J11,50,
127,,,J12,50,
127,,,J13,50,
127,,,J14,50,
127,,,J15,50,
127,,,J16,50,
127,,,J17,50,
127,,,J18,50,
127,,,J19,50,
127,,,J20,50,
127,,,J21,50,
127,,,J22,50,
127,,,J23,50,
127,,,J24,50,
127,,,K1,45,
127,,,K2,50,
127,,,K3,50,
127,,,K4,50,
127,,,K5,50,
127,,,K6,50,
127,,,K7,50,
127,,,K8,50,
127,,,K9,50,
127,,,K10,50,
127,,,K11,50,
127,,,K12,50,
127,,,K13,50,
127,,,K14,50,
127,,,K15,50,
127,,,K16,50,
127,,,K17,50,
127,,,K18,50,
127,,,K19,50,
127,,,K20,50,
127,,,K21,50,
127,,,K22,50,
127,,,K23,50,
127,,,K24,50,
127,,,L1,45,
127,,,L2,50,
127,,,L3,50,
127,,,L4,50,
127,,,L5,50,
127,,,L6,50,
127,,,L7,50,
127,,,L8,50,
127,,,L9,50,
127,,,L10,50,
127,,,L11,50,
127,,,L12,50,
127,,,L13,50,
127,,,L14,50,
127,,,L15,50,
127,,,L16,50,
127,,,L17,50,
127,,,L18,50,
127,,,L19,50,
127,,,L20,50,
127,,,L21,50,
127,,,L22,50,
127,,,L23,50,
127,,,L24,50,
127,,,M1,45,
127,,,M2,50,
127,,,M3,50,
127,,,M4,50,
127,,,M5,50,
127,,,M6,50,
127,,,M7,50,
127,,,M8,50,
127,,,M9,50,
127,,,M10,50,
127,,,M11,50,
127,,,M12,50,
127,,,M13,50,
127,,,M14,50,
127,,,M15,50,
127,,,M16,50,
127,,,M17,50,
127,,,M18,50,
127,,,M19,50,
127,,,M20,50,
127,,,M21,50,
127,,,M22,50,
127,,,M23,50,
127,,,M24,50,
127,,,N1,45,
127,,,N2,50,
127,,,N3,50,
127,,,N4,50,
127,,,N5,50,
127,,,N6,50,
127,,,N7,50,
127,,,N8,50,
127,,,N9,50,
127,,,N10,50,
127,,,N11,50,
127,,,N12,50,
127,,,N13,50,
127,,,N14,50,
127,,,N15,50,
127,,,N16,50,
127,,,N17,50,
127,,,N18,50,
127,,,N19,50,
127,,,N20,50,
127,,,N21,50,
127,,,N22,50,
127,,,N23,50,
127,,,N24,50,
127,,,O1,45,
127,,,O2,50,
127,,,O3,50,
127,,,O4,50,
127,,,O5,50,
127,,,O6,50,
127,,,O7,50,
127,,,O8,50,
127,,,O9,50,
127,,,O10,50,
127,,,O11,50,
127,,,O12,50,
127,,,O13,50,
127,,,O14,50,
127,,,O15,50,
127,,,O16,50,
127,,,O17,50,
127,,,O18,50,
127,,,O19,50,
127,,,O20,50,
127,,,O21,50,
127,,,O22,50,
127,,,O23,50,
127,,,O24,50,
127,,,P1,45,
127,,,P2,50,
127,,,P3,50,
127,,,P4,50,
127,,,P5,50,
127,,,P6,50,
127,,,P7,50,
127,,,P8,50,
127,,,P9,50,
127,,,P10,50,
127,,,P11,50,
127,,,P12,50,
127,,,P13,50,
127,,,P14,50,
127,,,P15,50,
127,,,P16,50,
127,,,P17,50,
127,,,P18,50,
127,,,P19,50,
127,,,P20,50,
127,,,P21,50,
127,,,P22,50,
127,,,P23,50,
127,,,P24,50,
128,,,A1,0,
129,,,A1,45,
129,,,A2,50,
129,,,A3,50,
129,,,A4,50,
129,,,A5,50,
129,,,A6,50,
129,,,A7,50,
129,,,A8,50,
129,,,A9,50,
129,,,A10,50,
129,,,A11,50,
129,,,A12,50,
129,,,A13,50,
129,,,A14,50,
129,,,A15,50,
129,,,A16,50,
129,,,A17,50,
129,,,A18,50,
129,,,A19,50,
129,,,A20,50,
129,,,A21,50,
129,,,A22,50,
129,,,A23,50,
129,,,A24,50,
129,,,B1,45,
129,,,B2,50,
129,,,B3,50,
129,,,B4,50,
129,,,B5,50,
129,,,B6,50,
129,,,B7,50,
129,,,B8,50,
129,,,B9,50,
129,,,B10,50,
129,,,B11,50,
129,,,B12,50,
129,,,B13,50,
129,,,B14,50,
129,,,B15,50,
129,,,B16,50,
129,,,B17,50,
129,,,B18,50,
129,,,B19,50,
129,,,B20,50,
129,,,B21,50,
129,,,B22,50,
129,,,B23,50,
129,,,B24,50,
129,,,C1,45,
129,,,C2,50,
129,,,C3,50,
129,,,C4,50,
129,,,C5,50,
129,,,C6,50,
129,,,C7,50,
129,,,C8,50,
129,,,C9,50,
129,,,C10,50,
129,,,C11,50,
129,,,C12,50,
129,,,C13,50,
129,,,C14,50,
129,,,C15,50,
129,,,C16,50,
129,,,C17,50,
129,,,C18,50,
129,,,C19,50,
129,,,C20,50,
129,,,C21,50,
129,,,C22,50,
129,,,C23,50,
129,,,C24,50,
129,,,D1,45,
129,,,D2,50,
129,,,D3,50,
129,,,D4,50,
129,,,D5,50,
129,,,D6,50,
129,,,D7,50,
129,,,D8,50,
129,,,D9,50,
129,,,D10,50,
129,,,D11,50,
129,,,D12,50,
129,,,D13,50,
129,,,D14,50,
129,,,D15,50,
129,,,D16,50,
129,,,D17,50,
129,,,D18,50,
129,,,D19,50,
129,,,D20,50,
129,,,D21,50,
129,,,D22,50,
129,,,D23,50,
129,,,D24,50,
129,,,E1,45,
129,,,E2,50,
129,,,E3,50,
129,,,E4,50,
129,,,E5,50,
129,,,E6,50,
129,,,E7,50,
129,,,E8,50,
129,,,E9,50,
129,,,E10,50,
129,,,E11,50,
129,,,E12,50,
129,,,E13,50,
129,,,E14,50,
129,,,E15,50,
129,,,E16,50,
129,,,E17,50,
129,,,E18,50,
129,,,E19,50,
129,,,E20,50,
129,,,E21,50,
129,,,E22,50,
129,,,E23,50,
129,,,E24,50,
129,,,F1,45,
129,,,F2,50,
129,,,F3,50,
129,,,F4,50,
129,,,F5,50,
129,,,F6,50,
129,,,F7,50,
129,,,F8,50,
129,,,F9,50,
129,,,F10,50,
129,,,F11,50,
129,,,F12,50,
129,,,F13,50,
129,,,F14,50,
129,,,F15,50,
129,,,F16,50,
129,,,F17,50,
129,,,F18,50,
129,,,F19,50,
129,,,F20,50,
129,,,F21,50,
129,,,F22,50,
129,,,F23,50,
129,,,F24,50,
129,,,G1,45,
129,,,G2,50,
129,,,G3,50,
129,,,G4,50,
129,,,G5,50,
129,,,G6,50,
129,,,G7,50,
129,,,G8,50,
129,,,G9,50,
129,,,G10,50,
129,,,G11,50,
129,,,G12,50,
129,,,G13,50,
129,,,G14,50,
129,,,G15,50,
129,,,G16,50,
129,,,G17,50,
129,,,G18,50,
129,,,G19,50,
129,,,G20,50,
129,,,G21,50,
129,,,G22,50,
129,,,G23,50,
129,,,G24,50,
129,,,H1,45,
129,,,H2,50,
129,,,H3,50,
129,,,H4,50,
129,,,H5,50,
129,,,H6,50,
129,,,H7,50,
129,,,H8,50,
129,,,H9,50,
129,,,H10,50,
129,,,H11,50,
129,,,H12,50,
129,,,H13,50,
129,,,H14,50,
129,,,H15,50,
129,,,H16,50,
129,,,H17,50,
129,,,H18,50,
129,,,H19,50,
129,,,H20,50,
129,,,H21,50,
129,,,H22,50,
129,,,H23,50,
129,,,H24,50,
129,,,I1,45,
129,,,I2,50,
129,,,I3,50,
129,,,I4,50,
129,,,I5,50,
129,,,I6,50,
129,,,I7,50,
129,,,I8,50,
129,,,I9,50,
129,,,I10,50,
129,,,I11,50,
129,,,I12,50,
129,,,I13,50,
129,,,I14,50,
129,,,I15,50,
129,,,I16,50,
129,,,I17,50,
129,,,I18,50,
129,,,I19,50,
129,,,I20,50,
129,,,I21,50,
129,,,I22,50,
129,,,I23,50,
129,,,I24,50,
129,,,J1,45,
129,,,J2,50,
129,,,J3,50,
129,,,J4,50,
129,,,J5,50,
129,,,J6,50,
129,,,J7,50,
129,,,J8,50,
129,,,J9,50,
129,,,J10,50,
129,,,J11,50,
129,,,J12,50,
129,,,J13,50,
129,,,J14,50,
129,,,J15,50,
129,,,J16,50,
129,,,J17,50,
129,,,J18,50,
129,,,J19,50,
129,,,J20,50,
129,,,J21,50,
129,,,J22,50,
129,,,J23,50,
129,,,J24,50,
129,,,K1,45,
129,,,K2,50,
129,,,K3,50,
129,,,K4,50,
129,,,K5,50,
129,,,K6,50,
129,,,K7,50,
129,,,K8,50,
129,,,K9,50,
129,,,K10,50,
129,,,K11,50,
129,,,K12,50,
129,,,K13,50,
129,,,K14,50,
129,,,K15,50,
129,,,K16,50,
129,,,K17,50,
129,,,K18,50,
129,,,K19,50,
129,,,K20,50,
129,,,K21,50,
129,,,K22,50,
129,,,K23,50,
129,,,K24,50,
129,,,L1,45,
129,,,L2,50,
129,,,L3,50,
129,,,L4,50,
129,,,L5,50,
129,,,L6,50,
129,,,L7,50,
129,,,L8,50,
129,,,L9,50,
129,,,L10,50,
129,,,L11,50,
129,,,L12,50,
129,,,L13,50,
129,,,L14,50,
129,,,L15,50,
129,,,L16,50,
129,,,L17,50,
129,,,L18,50,
129,,,L19,50,
129,,,L20,50,
129,,,L21,50,
129,,,L22,50,
129,,,L23,50,
129,,,L24,50,
129,,,M1,45,
129,,,M2,50,
129,,,M3,50,
129,,,M4,50,
129,,,M5,50,
129,,,M6,50,
129,,,M7,50,
129,,,M8,50,
129,,,M9,50,
129,,,M10,50,
129,,,M11,50,
129,,,M12,50,
129,,,M13,50,
129,,,M14,50,
129,,,M15,50,
129,,,M16,50,
129,,,M17,50,
129,,,M18,50,
129,,,M19,50,
129,,,M20,50,
129,,,M21,50,
129,,,M22,50,
129,,,M23,50,
129,,,M24,50,
129,,,N1,45,
129,,,N2,50,
129,,,N3,50,
129,,,N4,50,
129,,,N5,50,
129,,,N6,50,
129,,,N7,50,
129,,,N8,50,
129,,,N9,50,
129,,,N10,50,
129,,,N11,50,
129,,,N12,50,
129,,,N13,50,
129,,,N14,50,
129,,,N15,50,
129,,,N16,50,
129,,,N17,50,
129,,,N18,50,
129,,,N19,50,
129,,,N20,50,
129,,,N21,50,
129,,,N22,50,
129,,,N23,50,
129,,,N24,50,
129,,,O1,45,
129,,,O2,50,
129,,,O3,50,
129,,,O4,50,
129,,,O5,50,
129,,,O6,50,
129,,,O7,50,
129,,,O8,50,
129,,,O9,50,
129,,,O10,50,
129,,,O11,50,
129,,,O12,50,
129,,,O13,50,
129,,,O14,50,
129,,,O15,50,
129,,,O16,50,
129,,,O17,50,
129,,,O18,50,
129,,,O19,50,
129,,,O20,50,
129,,,O21,50,
129,,,O22,50,
129,,,O23,50,
129,,,O24,50,
129,,,P1,45,
129,,,P2,50,
129,,,P3,50,
129,,,P4,50,
129,,,P5,50,
129,,,P6,50,
129,,,P7,50,
129,,,P8,50,
129,,,P9,50,
129,,,P10,50,
129,,,P11,50,
129,,,P12,50,
129,,,P13,50,
129,,,P14,50,
129,,,P15,50,
129,,,P16,50,
129,,,P17,50,
129,,,P18,50,
129,,,P19,50,
129,,,P20,50,
129,,,P21,50,
129,,,P22,50,
129,,,P23,50,
129,,,P24,50,
130,,,A1,0,
131,,,A1,45,
131,,,A2,50,
131,,,A3,50,
131,,,A4,50,
131,,,A5,50,
131,,,A6,50,
131,,,A7,50,
131,,,A8,50,
131,,,A9,50,
131,,,A10,50,
131,,,A11,50,
131,,,A12,50,
131,,,A13,50,
131,,,A14,50,
131,,,A15,50,
131,,,A16,50,
131,,,A17,50,
131,,,A18,50,
131,,,A19,50,
131,,,A20,50,
131,,,A21,50,
131,,,A22,50,
131,,,A23,50,
131,,,A24,50,
131,,,B1,45,
131,,,B2,50,
131,,,B3,50,
131,,,B4,50,
131,,,B5,50,
131,,,B6,50,
131,,,B7,50,
131,,,B8,50,
131,,,B9,50,
131,,,B10,50,
131,,,B11,50,
131,,,B12,50,
131,,,B13,50,
131,,,B14,50,
131,,,B15,50,
131,,,B16,50,
131,,,B17,50,
131,,,B18,50,
131,,,B19,50,
131,,,B20,50,
131,,,B21,50,
131,,,B22,50,
131,,,B23,50,
131,,,B24,50,
131,,,C1,45,
131,,,C2,50,
131,,,C3,50,
131,,,C4,50,
131,,,C5,50,
131,,,C6,50,
131,,,C7,50,
131,,,C8,50,
131,,,C9,50,
131,,,C10,50,
131,,,C11,50,
131,,,C12,50,
131,,,C13,50,
131,,,C14,50,
131,,,C15,50,
131,,,C16,50,
131,,,C17,50,
131,,,C18,50,
131,,,C19,50,
131,,,C20,50,
131,,,C21,50,
131,,,C22,50,
131,,,C23,50,
131,,,C24,50,
131,,,D1,45,
131,,,D2,50,
131,,,D3,50,
131,,,D4,50,
131,,,D5,50,
131,,,D6,50,
131,,,D7,50,
131,,,D8,50,
131,,,D9,50,
131,,,D10,50,
131,,,D11,50,
131,,,D12,50,
131,,,D13,50,
131,,,D14,50,
131,,,D15,50,
131,,,D16,50,
131,,,D17,50,
131,,,D18,50,
131,,,D19,50,
131,,,D20,50,
131,,,D21,50,
131,,,D22,50,
131,,,D23,50,
131,,,D24,50,
131,,,E1,45,
131,,,E2,50,
131,,,E3,50,
131,,,E4,50,
131,,,E5,50,
131,,,E6,50,
131,,,E7,50,
131,,,E8,50,
131,,,E9,50,
131,,,E10,50,
131,,,E11,50,
131,,,E12,50,
131,,,E13,50,
131,,,E14,50,
131,,,E15,50,
131,,,E16,50,
131,,,E17,50,
131,,,E18,50,
131,,,E19,50,
131,,,E20,50,
131,,,E21,50,
131,,,E22,50,
131,,,E23,50,
131,,,E24,50,
131,,,F1,45,
131,,,F2,50,
131,,,F3,50,
131,,,F4,50,
131,,,F5,50,
131,,,F6,50,
131,,,F7,50,
131,,,F8,50,
131,,,F9,50,
131,,,F10,50,
131,,,F11,50,
131,,,F12,50,
131,,,F13,50,
131,,,F14,50,
131,,,F15,50,
131,,,F16,50,
131,,,F17,50,
131,,,F18,50,
131,,,F19,50,
131,,,F20,50,
131,,,F21,50,
131,,,F22,50,
131,,,F23,50,
131,,,F24,50,
131,,,G1,45,
131,,,G2,50,
131,,,G3,50,
131,,,G4,50,
131,,,G5,50,
131,,,G6,50,
131,,,G7,50,
131,,,G8,50,
131,,,G9,50,
131,,,G10,50,
131,,,G11,50,
131,,,G12,50,
131,,,G13,50,
131,,,G14,50,
131,,,G15,50,
131,,,G16,50,
131,,,G17,50,
131,,,G18,50,
131,,,G19,50,
131,,,G20,50,
131,,,G21,50,
131,,,G22,50,
131,,,G23,50,
131,,,G24,50,
131,,,H1,45,
131,,,H2,50,
131,,,H3,50,
131,,,H4,50,
131,,,H5,50,
131,,,H6,50,
131,,,H7,50,
131,,,H8,50,
131,,,H9,50,
131,,,H10,50,
131,,,H11,50,
131,,,H12,50,
131,,,H13,50,
131,,,H14,50,
131,,,H15,50,
131,,,H16,50,
131,,,H17,50,
131,,,H18,50,
131,,,H19,50,
131,,,H20,50,
131,,,H21,50,
131,,,H22,50,
131,,,H23,50,
131,,,H24,50,
131,,,I1,45,
131,,,I2,50,
131,,,I3,50,
131,,,I4,50,
131,,,I5,50,
131,,,I6,50,
131,,,I7,50,
131,,,I8,50,
131,,,I9,50,
131,,,I10,50,
131,,,I11,50,
131,,,I12,50,
131,,,I13,50,
131,,,I14,50,
131,,,I15,50,
131,,,I16,50,
131,,,I17,50,
131,,,I18,50,
131,,,I19,50,
131,,,I20,50,
131,,,I21,50,
131,,,I22,50,
131,,,I23,50,
131,,,I24,50,
131,,,J1,45,
131,,,J2,50,
131,,,J3,50,
131,,,J4,50,
131,,,J5,50,
131,,,J6,50,
131,,,J7,50,
131,,,J8,50,
131,,,J9,50,
131,,,J10,50,
131,,,J11,50,
131,,,J12,50,
131,,,J13,50,
131,,,J14,50,
131,,,J15,50,
131,,,J16,50,
131,,,J17,50,
131,,,J18,50,
131,,,J19,50,
131,,,J20,50,
131,,,J21,50,
131,,,J22,50,
131,,,J23,50,
131,,,J24,50,
131,,,K1,45,
131,,,K2,50,
131,,,K3,50,
131,,,K4,50,
131,,,K5,50,
131,,,K6,50,
131,,,K7,50,
131,,,K8,50,
131,,,K9,50,
131,,,K10,50,
131,,,K11,50,
131,,,K12,50,
131,,,K13,50,
131,,,K14,50,
131,,,K15,50,
131,,,K16,50,
131,,,K17,50,
131,,,K18,50,
131,,,K19,50,
131,,,K20,50,
131,,,K21,50,
131,,,K22,50,
131,,,K23,50,
131,,,K24,50,
131,,,L1,45,
131,,,L2,50,
131,,,L3,50,
131,,,L4,50,
131,,,L5,50,
131,,,L6,50,
131,,,L7,50,
131,,,L8,50,
131,,,L9,50,
131,,,L10,50,
131,,,L11,50,
131,,,L12,50,
131,,,L13,50,
131,,,L14,50,
131,,,L15,50,
131,,,L16,50,
131,,,L17,50,
131,,,L18,50,
131,,,L19,50,
131,,,L20,50,
131,,,L21,50,
131,,,L22,50,
131,,,L23,50,
131,,,L24,50,
131,,,M1,45,
131,,,M2,50,
131,,,M3,50,
131,,,M4,50,
131,,,M5,50,
131,,,M6,50,
131,,,M7,50,
131,,,M8,50,
131,,,M9,50,
131,,,M10,50,
131,,,M11,50,
131,,,M12,50,
131,,,M13,50,
131,,,M14,50,
131,,,M15,50,
131,,,M16,50,
131,,,M17,50,
131,,,M18,50,
131,,,M19,50,
131,,,M20,50,
131,,,M21,50,
131,,,M22,50,
131,,,M23,50,
131,,,M24,50,
131,,,N1,45,
131,,,N2,50,
131,,,N3,50,
131,,,N4,50,
131,,,N5,50,
131,,,N6,50,
131,,,N7,50,
131,,,N8,50,
131,,,N9,50,
131,,,N10,50,
131,,,N11,50,
131,,,N12,50,
131,,,N13,50,
131,,,N14,50,
131,,,N15,50,
131,,,N16,50,
131,,,N17,50,
131,,,N18,50,
131,,,N19,50,
131,,,N20,50,
131,,,N21,50,
131,,,N22,50,
131,,,N23,50,
131,,,N24,50,
131,,,O1,45,
131,,,O2,50,
131,,,O3,50,
131,,,O4,50,
131,,,O5,50,
131,,,O6,50,
131,,,O7,50,
131,,,O8,50,
131,,,O9,50,
131,,,O10,50,
131,,,O11,50,
131,,,O12,50,
131,,,O13,50,
131,,,O14,50,
131,,,O15,50,
131,,,O16,50,
131,,,O17,50,
131,,,O18,50,
131,,,O19,50,
131,,,O20,50,
131,,,O21,50,
131,,,O22,50,
131,,,O23,50,
131,,,O24,50,
131,,,P1,45,
131,,,P2,50,
131,,,P3,50,
131,,,P4,50,
131,,,P5,50,
131,,,P6,50,
131,,,P7,50,
131,,,P8,50,
131,,,P9,50,
131,,,P10,50,
131,,,P11,50,
131,,,P12,50,
131,,,P13,50,
131,,,P14,50,
131,,,P15,50,
131,,,P16,50,
131,,,P17,50,
131,,,P18,50,
131,,,P19,50,
131,,,P20,50,
131,,,P21,50,
131,,,P22,50,
131,,,P23,50,
131,,,P24,50,
132,,,A1,0,
133,,,A1,45,
133,,,A2,50,
133,,,A3,50,
133,,,A4,50,
133,,,A5,50,
133,,,A6,50,
133,,,A7,50,
133,,,A8,50,
133,,,A9,50,
133,,,A10,50,
133,,,A11,50,
133,,,A12,50,
133,,,A13,50,
133,,,A14,50,
133,,,A15,50,
133,,,A16,50,
133,,,A17,50,
133,,,A18,50,
133,,,A19,50,
133,,,A20,50,
133,,,A21,50,
133,,,A22,50,
133,,,A23,50,
133,,,A24,50,
133,,,B1,45,
133,,,B2,50,
133,,,B3,50,
133,,,B4,50,
133,,,B5,50,
133,,,B6,50,
133,,,B7,50,
133,,,B8,50,
133,,,B9,50,
133,,,B10,50,
133,,,B11,50,
133,,,B12,50,
133,,,B13,50,
133,,,B14,50,
133,,,B15,50,
133,,,B16,50,
133,,,B17,50,
133,,,B18,50,
133,,,B19,50,
133,,,B20,50,
133,,,B21,50,
133,,,B22,50,
133,,,B23,50,
133,,,B24,50,
133,,,C1,45,
133,,,C2,50,
133,,,C3,50,
133,,,C4,50,
133,,,C5,50,
133,,,C6,50,
133,,,C7,50,
133,,,C8,50,
133,,,C9,50,
133,,,C10,50,
133,,,C11,50,
133,,,C12,50,
133,,,C13,50,
133,,,C14,50,
133,,,C15,50,
133,,,C16,50,
133,,,C17,50,
133,,,C18,50,
133,,,C19,50,
133,,,C20,50,
133,,,C21,50,
133,,,C22,50,
133,,,C23,50,
133,,,C24,50,
133,,,D1,45,
133,,,D2,50,
133,,,D3,50,
133,,,D4,50,
133,,,D5,50,
133,,,D6,50,
133,,,D7,50,
133,,,D8,50,
133,,,D9,50,
133,,,D10,50,
133,,,D11,50,
133,,,D12,50,
133,,,D13,50,
133,,,D14,50,
133,,,D15,50,
133,,,D16,50,
133,,,D17,50,
133,,,D18,50,
133,,,D19,50,
133,,,D20,50,
133,,,D21,50,
133,,,D22,50,
133,,,D23,50,
133,,,D24,50,
133,,,E1,45,
133,,,E2,50,
133,,,E3,50,
133,,,E4,50,
133,,,E5,50,
133,,,E6,50,
133,,,E7,50,
133,,,E8,50,
133,,,E9,50,
133,,,E10,50,
133,,,E11,50,
133,,,E12,50,
133,,,E13,50,
133,,,E14,50,
133,,,E15,50,
133,,,E16,50,
133,,,E17,50,
133,,,E18,50,
133,,,E19,50,
133,,,E20,50,
133,,,E21,50,
133,,,E22,50,
133,,,E23,50,
133,,,E24,50,
133,,,F1,45,
133,,,F2,50,
133,,,F3,50,
133,,,F4,50,
133,,,F5,50,
133,,,F6,50,
133,,,F7,50,
133,,,F8,50,
133,,,F9,50,
133,,,F10,50,
133,,,F11,50,
133,,,F12,50,
133,,,F13,50,
133,,,F14,50,
133,,,F15,50,
133,,,F16,50,
133,,,F17,50,
133,,,F18,50,
133,,,F19,50,
133,,,F20,50,
133,,,F21,50,
133,,,F22,50,
133,,,F23,50,
133,,,F24,50,
133,,,G1,45,
133,,,G2,50,
133,,,G3,50,
133,,,G4,50,
133,,,G5,50,
133,,,G6,50,
133,,,G7,50,
133,,,G8,50,
133,,,G9,50,
133,,,G10,50,
133,,,G11,50,
133,,,G12,50,
133,,,G13,50,
133,,,G14,50,
133,,,G15,50,
133,,,G16,50,
133,,,G17,50,
133,,,G18,50,
133,,,G19,50,
133,,,G20,50,
133,,,G21,50,
133,,,G22,50,
133,,,G23,50,
133,,,G24,50,
133,,,H1,45,
133,,,H2,50,
133,,,H3,50,
133,,,H4,50,
133,,,H5,50,
133,,,H6,50,
133,,,H7,50,
133,,,H8,50,
133,,,H9,50,
133,,,H10,50,
133,,,H11,50,
133,,,H12,50,
133,,,H13,50,
133,,,H14,50,
133,,,H15,50,
133,,,H16,50,
133,,,H17,50,
133,,,H18,50,
133,,,H19,50,
133,,,H20,50,
133,,,H21,50,
133,,,H22,50,
133,,,H23,50,
133,,,H24,50,
133,,,I1,45,
133,,,I2,50,
133,,,I3,50,
133,,,I4,50,
133,,,I5,50,
133,,,I6,50,
133,,,I7,50,
133,,,I8,50,
133,,,I9,50,
133,,,I10,50,
133,,,I11,50,
133,,,I12,50,
133,,,I13,50,
133,,,I14,50,
133,,,I15,50,
133,,,I16,50,
133,,,I17,50,
133,,,I18,50,
133,,,I19,50,
133,,,I20,50,
133,,,I21,50,
133,,,I22,50,
133,,,I23,50,
133,,,I24,50,
133,,,J1,45,
133,,,J2,50,
133,,,J3,50,
133,,,J4,50,
133,,,J5,50,
133,,,J6,50,
133,,,J7,50,
133,,,J8,50,
133,,,J9,50,
133,,,J10,50,
133,,,J11,50,
133,,,J12,50,
133,,,J13,50,
133,,,J14,50,
133,,,J15,50,
133,,,J16,50,
133,,,J17,50,
133,,,J18,50,
133,,,J19,50,
133,,,J20,50,
133,,,J21,50,
133,,,J22,50,
133,,,J23,50,
133,,,J24,50,
133,,,K1,45,
133,,,K2,50,
133,,,K3,50,
133,,,K4,50,
133,,,K5,50,
133,,,K6,50,
133,,,K7,50,
133,,,K8,50,
133,,,K9,50,
133,,,K10,50,
133,,,K11,50,
133,,,K12,50,
133,,,K13,50,
133,,,K14,50,
133,,,K15,50,
133,,,K16,50,
133,,,K17,50,
133,,,K18,50,
133,,,K19,50,
133,,,K20,50,
133,,,K21,50,
133,,,K22,50,
133,,,K23,50,
133,,,K24,50,
133,,,L1,45,
133,,,L2,50,
133,,,L3,50,
133,,,L4,50,
133,,,L5,50,
133,,,L6,50,
133,,,L7,50,
133,,,L8,50,
133,,,L9,50,
133,,,L10,50,
133,,,L11,50,
133,,,L12,50,
133,,,L13,50,
133,,,L14,50,
133,,,L15,50,
133,,,L16,50,
133,,,L17,50,
133,,,L18,50,
133,,,L19,50,
133,,,L20,50,
133,,,L21,50,
133,,,L22,50,
133,,,L23,50,
133,,,L24,50,
133,,,M1,45,
133,,,M2,50,
133,,,M3,50,
133,,,M4,50,
133,,,M5,50,
133,,,M6,50,
133,,,M7,50,
133,,,M8,50,
133,,,M9,50,
133,,,M10,50,
133,,,M11,50,
133,,,M12,50,
133,,,M13,50,
133,,,M14,50,
133,,,M15,50,
133,,,M16,50,
133,,,M17,50,
133,,,M18,50,
133,,,M19,50,
133,,,M20,50,
133,,,M21,50,
133,,,M22,50,
133,,,M23,50,
133,,,M24,50,
133,,,N1,45,
133,,,N2,50,
133,,,N3,50,
133,,,N4,50,
133,,,N5,50,
133,,,N6,50,
133,,,N7,50,
133,,,N8,50,
133,,,N9,50,
133,,,N10,50,
133,,,N11,50,
133,,,N12,50,
133,,,N13,50,
133,,,N14,50,
133,,,N15,50,
133,,,N16,50,
133,,,N17,50,
133,,,N18,50,
133,,,N19,50,
133,,,N20,50,
133,,,N21,50,
133,,,N22,50,
133,,,N23,50,
133,,,N24,50,
133,,,O1,45,
133,,,O2,50,
133,,,O3,50,
133,,,O4,50,
133,,,O5,50,
133,,,O6,50,
133,,,O7,50,
133,,,O8,50,
133,,,O9,50,
133,,,O10,50,
133,,,O11,50,
133,,,O12,50,
133,,,O13,50,
133,,,O14,50,
133,,,O15,50,
133,,,O16,50,
133,,,O17,50,
133,,,O18,50,
133,,,O19,50,
133,,,O20,50,
133,,,O21,50,
133,,,O22,50,
133,,,O23,50,
133,,,O24,50,
133,,,P1,45,
133,,,P2,50,
133,,,P3,50,
133,,,P4,50,
133,,,P5,50,
133,,,P6,50,
133,,,P7,50,
133,,,P8,50,
133,,,P9,50,
133,,,P10,50,
133,,,P11,50,
133,,,P12,50,
133,,,P13,50,
133,,,P14,50,
133,,,P15,50,
133,,,P16,50,
133,,,P17,50,
133,,,P18,50,
133,,,P19,50,
133,,,P20,50,
133,,,P21,50,
133,,,P22,50,
133,,,P23,50,
133,,,P24,50,
134,,,A1,0,
135,,,A1,45,
135,,,A2,50,
135,,,A3,50,
135,,,A4,50,
135,,,A5,50,
135,,,A6,50,
135,,,A7,50,
135,,,A8,50,
135,,,A9,50,
135,,,A10,50,
135,,,A11,50,
135,,,A12,50,
135,,,A13,50,
135,,,A14,50,
135,,,A15,50,
135,,,A16,50,
135,,,A17,50,
135,,,A18,50,
135,,,A19,50,
135,,,A20,50,
135,,,A21,50,
135,,,A22,50,
135,,,A23,50,
135,,,A24,50,
135,,,B1,45,
135,,,B2,50,
135,,,B3,50,
135,,,B4,50,
135,,,B5,50,
135,,,B6,50,
135,,,B7,50,
135,,,B8,50,
135,,,B9,50,
135,,,B10,50,
135,,,B11,50,
135,,,B12,50,
135,,,B13,50,
135,,,B14,50,
135,,,B15,50,
135,,,B16,50,
135,,,B17,50,
135,,,B18,50,
135,,,B19,50,
135,,,B20,50,
135,,,B21,50,
135,,,B22,50,
135,,,B23,50,
135,,,B24,50,
135,,,C1,45,
135,,,C2,50,
135,,,C3,50,
135,,,C4,50,
135,,,C5,50,
135,,,C6,50,
135,,,C7,50,
135,,,C8,50,
135,,,C9,50,
135,,,C10,50,
135,,,C11,50,
135,,,C12,50,
135,,,C13,50,
135,,,C14,50,
135,,,C15,50,
135,,,C16,50,
135,,,C17,50,
135,,,C18,50,
135,,,C19,50,
135,,,C20,50,
135,,,C21,50,
135,,,C22,50,
135,,,C23,50,
135,,,C24,50,
135,,,D1,45,
135,,,D2,50,
135,,,D3,50,
135,,,D4,50,
135,,,D5,50,
135,,,D6,50,
135,,,D7,50,
135,,,D8,50,
135,,,D9,50,
135,,,D10,50,
135,,,D11,50,
135,,,D12,50,
135,,,D13,50,
135,,,D14,50,
135,,,D15,50,
135,,,D16,50,
135,,,D17,50,
135,,,D18,50,
135,,,D19,50,
135,,,D20,50,
135,,,D21,50,
135,,,D22,50,
135,,,D23,50,
135,,,D24,50,
135,,,E1,45,
135,,,E2,50,
135,,,E3,50,
135,,,E4,50,
135,,,E5,50,
135,,,E6,50,
135,,,E7,50,
135,,,E8,50,
135,,,E9,50,
135,,,E10,50,
135,,,E11,50,
135,,,E12,50,
135,,,E13,50,
135,,,E14,50,
135,,,E15,50,
135,,,E16,50,
135,,,E17,50,
135,,,E18,50,
135,,,E19,50,
135,,,E20,50,
135,,,E21,50,
135,,,E22,50,
135,,,E23,50,
135,,,E24,50,
135,,,F1,45,
135,,,F2,50,
135,,,F3,50,
135,,,F4,50,
135,,,F5,50,
135,,,F6,50,
135,,,F7,50,
135,,,F8,50,
135,,,F9,50,
135,,,F10,50,
135,,,F11,50,
135,,,F12,50,
135,,,F13,50,
135,,,F14,50,
135,,,F15,50,
135,,,F16,50,
135,,,F17,50,
135,,,F18,50,
135,,,F19,50,
135,,,F20,50,
135,,,F21,50,
135,,,F22,50,
135,,,F23,50,
135,,,F24,50,
135,,,G1,45,
135,,,G2,50,
135,,,G3,50,
135,,,G4,50,
135,,,G5,50,
135,,,G6,50,
135,,,G7,50,
135,,,G8,50,
135,,,G9,50,
135,,,G10,50,
135,,,G11,50,
135,,,G12,50,
135,,,G13,50,
135,,,G14,50,
135,,,G15,50,
135,,,G16,50,
135,,,G17,50,
135,,,G18,50,
135,,,G19,50,
135,,,G20,50,
135,,,G21,50,
135,,,G22,50,
135,,,G23,50,
135,,,G24,50,
135,,,H1,45,
135,,,H2,50,
135,,,H3,50,
135,,,H4,50,
135,,,H5,50,
135,,,H6,50,
135,,,H7,50,
135,,,H8,50,
135,,,H9,50,
135,,,H10,50,
135,,,H11,50,
135,,,H12,50,
135,,,H13,50,
135,,,H14,50,
135,,,H15,50,
135,,,H16,50,
135,,,H17,50,
135,,,H18,50,
135,,,H19,50,
135,,,H20,50,
135,,,H21,50,
135,,,H22,50,
135,,,H23,50,
135,,,H24,50,
135,,,I1,45,
135,,,I2,50,
135,,,I3,50,
135,,,I4,50,
135,,,I5,50,
135,,,I6,50,
135,,,I7,50,
135,,,I8,50,
135,,,I9,50,
135,,,I10,50,
135,,,I11,50,
135,,,I12,50,
135,,,I13,50,
135,,,I14,50,
135,,,I15,50,
135,,,I16,50,
135,,,I17,50,
135,,,I18,50,
135,,,I19,50,
135,,,I20,50,
135,,,I21,50,
135,,,I22,50,
135,,,I23,50,
135,,,I24,50,
135,,,J1,45,
135,,,J2,50,
135,,,J3,50,
135,,,J4,50,
135,,,J5,50,
135,,,J6,50,
135,,,J7,50,
135,,,J8,50,
135,,,J9,50,
135,,,J10,50,
135,,,J11,50,
135,,,J12,50,
135,,,J13,50,
135,,,J14,50,
135,,,J15,50,
135,,,J16,50,
135,,,J17,50,
135,,,J18,50,
135,,,J19,50,
135,,,J20,50,
135,,,J21,50,
135,,,J22,50,
135,,,J23,50,
135,,,J24,50,
135,,,K1,45,
135,,,K2,50,
135,,,K3,50,
135,,,K4,50,
135,,,K5,50,
135,,,K6,50,
135,,,K7,50,
135,,,K8,50,
135,,,K9,50,
135,,,K10,50,
135,,,K11,50,
135,,,K12,50,
135,,,K13,50,
135,,,K14,50,
135,,,K15,50,
135,,,K16,50,
135,,,K17,50,
135,,,K18,50,
135,,,K19,50,
135,,,K20,50,
135,,,K21,50,
135,,,K22,50,
135,,,K23,50,
135,,,K24,50,
135,,,L1,45,
135,,,L2,50,
135,,,L3,50,
135,,,L4,50,
135,,,L5,50,
135,,,L6,50,
135,,,L7,50,
135,,,L8,50,
135,,,L9,50,
135,,,L10,50,
135,,,L11,50,
135,,,L12,50,
135,,,L13,50,
135,,,L14,50,
135,,,L15,50,
135,,,L16,50,
135,,,L17,50,
135,,,L18,50,
135,,,L19,50,
135,,,L20,50,
135,,,L21,50,
135,,,L22,50,
135,,,L23,50,
135,,,L24,50,
135,,,M1,45,
135,,,M2,50,
135,,,M3,50,
135,,,M4,50,
135,,,M5,50,
135,,,M6,50,
135,,,M7,50,
135,,,M8,50,
135,,,M9,50,
135,,,M10,50,
135,,,M11,50,
135,,,M12,50,
135,,,M13,50,
135,,,M14,50,
135,,,M15,50,
135,,,M16,50,
135,,,M17,50,
135,,,M18,50,
135,,,M19,50,
135,,,M20,50,
135,,,M21,50,
135,,,M22,50,
135,,,M23,50,
135,,,M24,50,
135,,,N1,45,
135,,,N2,50,
135,,,N3,50,
135,,,N4,50,
135,,,N5,50,
135,,,N6,50,
135,,,N7,50,
135,,,N8,50,
135,,,N9,50,
135,,,N10,50,
135,,,N11,50,
135,,,N12,50,
135,,,N13,50,
135,,,N14,50,
135,,,N15,50,
135,,,N16,50,
135,,,N17,50,
135,,,N18,50,
135,,,N19,50,
135,,,N20,50,
135,,,N21,50,
135,,,N22,50,
135,,,N23,50,
135,,,N24,50,
135,,,O1,45,
135,,,O2,50,
135,,,O3,50,
135,,,O4,50,
135,,,O5,50,
135,,,O6,50,
135,,,O7,50,
135,,,O8,50,
135,,,O9,50,
135,,,O10,50,
135,,,O11,50,
135,,,O12,50,
135,,,O13,50,
135,,,O14,50,
135,,,O15,50,
135,,,O16,50,
135,,,O17,50,
135,,,O18,50,
135,,,O19,50,
135,,,O20,50,
135,,,O21,50,
135,,,O22,50,
135,,,O23,50,
135,,,O24,50,
135,,,P1,45,
135,,,P2,50,
135,,,P3,50,
135,,,P4,50,
135,,,P5,50,
135,,,P6,50,
135,,,P7,50,
135,,,P8,50,
135,,,P9,50,
135,,,P10,50,
135,,,P11,50,
135,,,P12,50,
135,,,P13,50,
135,,,P14,50,
135,,,P15,50,
135,,,P16,50,
135,,,P17,50,
135,,,P18,50,
135,,,P19,50,
135,,,P20,50,
135,,,P21,50,
135,,,P22,50,
135,,,P23,50,
135,,,P24,50,
136,,,A1,0,
137,,,A1,45,
137,,,A2,50,
137,,,A3,50,
137,,,A4,50,
137,,,A5,50,
137,,,A6,50,
137,,,A7,50,
137,,,A8,50,
137,,,A9,50,
137,,,A10,50,
137,,,A11,50,
137,,,A12,50,
137,,,A13,50,
137,,,A14,50,
137,,,A15,50,
137,,,A16,50,
137,,,A17,50,
137,,,A18,50,
137,,,A19,50,
137,,,A20,50,
137,,,A21,50,
137,,,A22,50,
137,,,A23,50,
137,,,A24,50,
137,,,B1,45,
137,,,B2,50,
137,,,B3,50,
137,,,B4,50,
137,,,B5,50,
137,,,B6,50,
137,,,B7,50,
137,,,B8,50,
137,,,B9,50,
137,,,B10,50,
137,,,B11,50,
137,,,B12,50,
137,,,B13,50,
137,,,B14,50,
137,,,B15,50,
137,,,B16,50,
137,,,B17,50,
137,,,B18,50,
137,,,B19,50,
137,,,B20,50,
137,,,B21,50,
137,,,B22,50,
137,,,B23,50,
137,,,B24,50,
137,,,C1,45,
137,,,C2,50,
137,,,C3,50,
137,,,C4,50,
137,,,C5,50,
137,,,C6,50,
137,,,C7,50,
137,,,C8,50,
137,,,C9,50,
137,,,C10,50,
137,,,C11,50,
137,,,C12,50,
137,,,C13,50,
137,,,C14,50,
137,,,C15,50,
137,,,C16,50,
137,,,C17,50,
137,,,C18,50,
137,,,C19,50,
137,,,C20,50,
137,,,C21,50,
137,,,C22,50,
137,,,C23,50,
137,,,C24,50,
137,,,D1,45,
137,,,D2,50,
137,,,D3,50,
137,,,D4,50,
137,,,D5,50,
137,,,D6,50,
137,,,D7,50,
137,,,D8,50,
137,,,D9,50,
137,,,D10,50,
137,,,D11,50,
137,,,D12,50,
137,,,D13,50,
137,,,D14,50,
137,,,D15,50,
137,,,D16,50,
137,,,D17,50,
137,,,D18,50,
137,,,D19,50,
137,,,D20,50,
137,,,D21,50,
137,,,D22,50,
137,,,D23,50,
137,,,D24,50,
137,,,E1,45,
137,,,E2,50,
137,,,E3,50,
137,,,E4,50,
137,,,E5,50,
137,,,E6,50,
137,,,E7,50,
137,,,E8,50,
137,,,E9,50,
137,,,E10,50,
137,,,E11,50,
137,,,E12,50,
137,,,E13,50,
137,,,E14,50,
137,,,E15,50,
137,,,E16,50,
137,,,E17,50,
137,,,E18,50,
137,,,E19,50,
137,,,E20,50,
137,,,E21,50,
137,,,E22,50,
137,,,E23,50,
137,,,E24,50,
137,,,F1,45,
137,,,F2,50,
137,,,F3,50,
137,,,F4,50,
137,,,F5,50,
137,,,F6,50,
137,,,F7,50,
137,,,F8,50,
137,,,F9,50,
137,,,F10,50,
137,,,F11,50,
137,,,F12,50,
137,,,F13,50,
137,,,F14,50,
137,,,F15,50,
137,,,F16,50,
137,,,F17,50,
137,,,F18,50,
137,,,F19,50,
137,,,F20,50,
137,,,F21,50,
137,,,F22,50,
137,,,F23,50,
137,,,F24,50,
137,,,G1,45,
137,,,G2,50,
137,,,G3,50,
137,,,G4,50,
137,,,G5,50,
137,,,G6,50,
137,,,G7,50,
137,,,G8,50,
137,,,G9,50,
137,,,G10,50,
137,,,G11,50,
137,,,G12,50,
137,,,G13,50,
137,,,G14,50,
137,,,G15,50,
137,,,G16,50,
137,,,G17,50,
137,,,G18,50,
137,,,G19,50,
137,,,G20,50,
137,,,G21,50,
137,,,G22,50,
137,,,G23,50,
137,,,G24,50,
137,,,H1,45,
137,,,H2,50,
137,,,H3,50,
137,,,H4,50,
137,,,H5,50,
137,,,H6,50,
137,,,H7,50,
137,,,H8,50,
137,,,H9,50,
137,,,H10,50,
137,,,H11,50,
137,,,H12,50,
137,,,H13,50,
137,,,H14,50,
137,,,H15,50,
137,,,H16,50,
137,,,H17,50,
137,,,H18,50,
137,,,H19,50,
137,,,H20,50,
137,,,H21,50,
137,,,H22,50,
137,,,H23,50,
137,,,H24,50,
137,,,I1,45,
137,,,I2,50,
137,,,I3,50,
137,,,I4,50,
137,,,I5,50,
137,,,I6,50,
137,,,I7,50,
137,,,I8,50,
137,,,I9,50,
137,,,I10,50,
137,,,I11,50,
137,,,I12,50,
137,,,I13,50,
137,,,I14,50,
137,,,I15,50,
137,,,I16,50,
137,,,I17,50,
137,,,I18,50,
137,,,I19,50,
137,,,I20,50,
137,,,I21,50,
137,,,I22,50,
137,,,I23,50,
137,,,I24,50,
137,,,J1,45,
137,,,J2,50,
137,,,J3,50,
137,,,J4,50,
137,,,J5,50,
137,,,J6,50,
137,,,J7,50,
137,,,J8,50,
137,,,J9,50,
137,,,J10,50,
137,,,J11,50,
137,,,J12,50,
137,,,J13,50,
137,,,J14,50,
137,,,J15,50,
137,,,J16,50,
137,,,J17,50,
137,,,J18,50,
137,,,J19,50,
137,,,J20,50,
137,,,J21,50,
137,,,J22,50,
137,,,J23,50,
137,,,J24,50,
137,,,K1,45,
137,,,K2,50,
137,,,K3,50,
137,,,K4,50,
137,,,K5,50,
137,,,K6,50,
137,,,K7,50,
137,,,K8,50,
137,,,K9,50,
137,,,K10,50,
137,,,K11,50,
137,,,K12,50,
137,,,K13,50,
137,,,K14,50,
137,,,K15,50,
137,,,K16,50,
137,,,K17,50,
137,,,K18,50,
137,,,K19,50,
137,,,K20,50,
137,,,K21,50,
137,,,K22,50,
137,,,K23,50,
137,,,K24,50,
137,,,L1,45,
137,,,L2,50,
137,,,L3,50,
137,,,L4,50,
137,,,L5,50,
137,,,L6,50,
137,,,L7,50,
137,,,L8,50,
137,,,L9,50,
137,,,L10,50,
137,,,L11,50,
137,,,L12,50,
137,,,L13,50,
137,,,L14,50,
137,,,L15,50,
137,,,L16,50,
137,,,L17,50,
137,,,L18,50,
137,,,L19,50,
137,,,L20,50,
137,,,L21,50,
137,,,L22,50,
137,,,L23,50,
137,,,L24,50,
137,,,M1,45,
137,,,M2,50,
137,,,M3,50,
137,,,M4,50,
137,,,M5,50,
137,,,M6,50,
137,,,M7,50,
137,,,M8,50,
137,,,M9,50,
137,,,M10,50,
137,,,M11,50,
137,,,M12,50,
137,,,M13,50,
137,,,M14,50,
137,,,M15,50,
137,,,M16,50,
137,,,M17,50,
137,,,M18,50,
137,,,M19,50,
137,,,M20,50,
137,,,M21,50,
137,,,M22,50,
137,,,M23,50,
137,,,M24,50,
137,,,N1,45,
137,,,N2,50,
137,,,N3,50,
137,,,N4,50,
137,,,N5,50,
137,,,N6,50,
137,,,N7,50,
137,,,N8,50,
137,,,N9,50,
137,,,N10,50,
137,,,N11,50,
137,,,N12,50,
137,,,N13,50,
137,,,N14,50,
137,,,N15,50,
137,,,N16,50,
137,,,N17,50,
137,,,N18,50,
137,,,N19,50,
137,,,N20,50,
137,,,N21,50,
137,,,N22,50,
137,,,N23,50,
137,,,N24,50,
137,,,O1,45,
137,,,O2,50,
137,,,O3,50,
137,,,O4,50,
137,,,O5,50,
137,,,O6,50,
137,,,O7,50,
137,,,O8,50,
137,,,O9,50,
137,,,O10,50,
137,,,O11,50,
137,,,O12,50,
137,,,O13,50,
137,,,O14,50,
137,,,O15,50,
137,,,O16,50,
137,,,O17,50,
137,,,O18,50,
137,,,O19,50,
137,,,O20,50,
137,,,O21,50,
137,,,O22,50,
137,,,O23,50,
137,,,O24,50,
137,,,P1,45,
137,,,P2,50,
137,,,P3,50,
137,,,P4,50,
137,,,P5,50,
137,,,P6,50,
137,,,P7,50,
137,,,P8,50,
137,,,P9,50,
137,,,P10,50,
137,,,P11,50,
137,,,P12,50,
137,,,P13,50,
137,,,P14,50,
137,,,P15,50,
137,,,P16,50,
137,,,P17,50,
137,,,P18,50,
137,,,P19,50,
137,,,P20,50,
137,,,P21,50,
137,,,P22,50,
137,,,P23,50,
137,,,P24,50,
138,,,A1,0,
139,,,A1,45,
139,,,A2,50,
139,,,A3,50,
139,,,A4,50,
139,,,A5,50,
139,,,A6,50,
139,,,A7,50,
139,,,A8,50,
139,,,A9,50,
139,,,A10,50,
139,,,A11,50,
139,,,A12,50,
139,,,A13,50,
139,,,A14,50,
139,,,A15,50,
139,,,A16,50,
139,,,A17,50,
139,,,A18,50,
139,,,A19,50,
139,,,A20,50,
139,,,A21,50,
139,,,A22,50,
139,,,A23,50,
139,,,A24,50,
139,,,B1,45,
139,,,B2,50,
139,,,B3,50,
139,,,B4,50,
139,,,B5,50,
139,,,B6,50,
139,,,B7,50,
139,,,B8,50,
139,,,B9,50,
139,,,B10,50,
139,,,B11,50,
139,,,B12,50,
139,,,B13,50,
139,,,B14,50,
139,,,B15,50,
139,,,B16,50,
139,,,B17,50,
139,,,B18,50,
139,,,B19,50,
139,,,B20,50,
139,,,B21,50,
139,,,B22,50,
139,,,B23,50,
139,,,B24,50,
139,,,C1,45,
139,,,C2,50,
139,,,C3,50,
139,,,C4,50,
139,,,C5,50,
139,,,C6,50,
139,,,C7,50,
139,,,C8,50,
139,,,C9,50,
139,,,C10,50,
139,,,C11,50,
139,,,C12,50,
139,,,C13,50,
139,,,C14,50,
139,,,C15,50,
139,,,C16,50,
139,,,C17,50,
139,,,C18,50,
139,,,C19,50,
139,,,C20,50,
139,,,C21,50,
139,,,C22,50,
139,,,C23,50,
139,,,C24,50,
139,,,D1,45,
139,,,D2,50,
139,,,D3,50,
139,,,D4,50,
139,,,D5,50,
139,,,D6,50,
139,,,D7,50,
139,,,D8,50,
139,,,D9,50,
139,,,D10,50,
139,,,D11,50,
139,,,D12,50,
139,,,D13,50,
139,,,D14,50,
139,,,D15,50,
139,,,D16,50,
139,,,D17,50,
139,,,D18,50,
139,,,D19,50,
139,,,D20,50,
139,,,D21,50,
139,,,D22,50,
139,,,D23,50,
139,,,D24,50,
139,,,E1,45,
139,,,E2,50,
139,,,E3,50,
139,,,E4,50,
139,,,E5,50,
139,,,E6,50,
139,,,E7,50,
139,,,E8,50,
139,,,E9,50,
139,,,E10,50,
139,,,E11,50,
139,,,E12,50,
139,,,E13,50,
139,,,E14,50,
139,,,E15,50,
139,,,E16,50,
139,,,E17,50,
139,,,E18,50,
139,,,E19,50,
139,,,E20,50,
139,,,E21,50,
139,,,E22,50,
139,,,E23,50,
139,,,E24,50,
139,,,F1,45,
139,,,F2,50,
139,,,F3,50,
139,,,F4,50,
139,,,F5,50,
139,,,F6,50,
139,,,F7,50,
139,,,F8,50,
139,,,F9,50,
139,,,F10,50,
139,,,F11,50,
139,,,F12,50,
139,,,F13,50,
139,,,F14,50,
139,,,F15,50,
139,,,F16,50,
139,,,F17,50,
139,,,F18,50,
139,,,F19,50,
139,,,F20,50,
139,,,F21,50,
139,,,F22,50,
139,,,F23,50,
139,,,F24,50,
139,,,G1,45,
139,,,G2,50,
139,,,G3,50,
139,,,G4,50,
139,,,G5,50,
139,,,G6,50,
139,,,G7,50,
139,,,G8,50,
139,,,G9,50,
139,,,G10,50,
139,,,G11,50,
139,,,G12,50,
139,,,G13,50,
139,,,G14,50,
139,,,G15,50,
139,,,G16,50,
139,,,G17,50,
139,,,G18,50,
139,,,G19,50,
139,,,G20,50,
139,,,G21,50,
139,,,G22,50,
139,,,G23,50,
139,,,G24,50,
139,,,H1,45,
139,,,H2,50,
139,,,H3,50,
139,,,H4,50,
139,,,H5,50,
139,,,H6,50,
139,,,H7,50,
139,,,H8,50,
139,,,H9,50,
139,,,H10,50,
139,,,H11,50,
139,,,H12,50,
139,,,H13,50,
139,,,H14,50,
139,,,H15,50,
139,,,H16,50,
139,,,H17,50,
139,,,H18,50,
139,,,H19,50,
139,,,H20,50,
139,,,H21,50,
139,,,H22,50,
139,,,H23,50,
139,,,H24,50,
139,,,I1,45,
139,,,I2,50,
139,,,I3,50,
139,,,I4,50,
139,,,I5,50,
139,,,I6,50,
139,,,I7,50,
139,,,I8,50,
139,,,I9,50,
139,,,I10,50,
139,,,I11,50,
139,,,I12,50,
139,,,I13,50,
139,,,I14,50,
139,,,I15,50,
139,,,I16,50,
139,,,I17,50,
139,,,I18,50,
139,,,I19,50,
139,,,I20,50,
139,,,I21,50,
139,,,I22,50,
139,,,I23,50,
139,,,I24,50,
139,,,J1,45,
139,,,J2,50,
139,,,J3,50,
139,,,J4,50,
139,,,J5,50,
139,,,J6,50,
139,,,J7,50,
139,,,J8,50,
139,,,J9,50,
139,,,J10,50,
139,,,J11,50,
139,,,J12,50,
139,,,J13,50,
139,,,J14,50,
139,,,J15,50,
139,,,J16,50,
139,,,J17,50,
139,,,J18,50,
139,,,J19,50,
139,,,J20,50,
139,,,J21,50,
139,,,J22,50,
139,,,J23,50,
139,,,J24,50,
139,,,K1,45,
139,,,K2,50,
139,,,K3,50,
139,,,K4,50,
139,,,K5,50,
139,,,K6,50,
139,,,K7,50,
139,,,K8,50,
139,,,K9,50,
139,,,K10,50,
139,,,K11,50,
139,,,K12,50,
139,,,K13,50,
139,,,K14,50,
139,,,K15,50,
139,,,K16,50,
139,,,K17,50,
139,,,K18,50,
139,,,K19,50,
139,,,K20,50,
139,,,K21,50,
139,,,K22,50,
139,,,K23,50,
139,,,K24,50,
139,,,L1,45,
139,,,L2,50,
139,,,L3,50,
139,,,L4,50,
139,,,L5,50,
139,,,L6,50,
139,,,L7,50,
139,,,L8,50,
139,,,L9,50,
139,,,L10,50,
139,,,L11,50,
139,,,L12,50,
139,,,L13,50,
139,,,L14,50,
139,,,L15,50,
139,,,L16,50,
139,,,L17,50,
139,,,L18,50,
139,,,L19,50,
139,,,L20,50,
139,,,L21,50,
139,,,L22,50,
139,,,L23,50,
139,,,L24,50,
139,,,M1,45,
139,,,M2,50,
139,,,M3,50,
139,,,M4,50,
139,,,M5,50,
139,,,M6,50,
139,,,M7,50,
139,,,M8,50,
139,,,M9,50,
139,,,M10,50,
139,,,M11,50,
139,,,M12,50,
139,,,M13,50,
139,,,M14,50,
139,,,M15,50,
139,,,M16,50,
139,,,M17,50,
139,,,M18,50,
139,,,M19,50,
139,,,M20,50,
139,,,M21,50,
139,,,M22,50,
139,,,M23,50,
139,,,M24,50,
139,,,N1,45,
139,,,N2,50,
139,,,N3,50,
139,,,N4,50,
139,,,N5,50,
139,,,N6,50,
139,,,N7,50,
139,,,N8,50,
139,,,N9,50,
139,,,N10,50,
139,,,N11,50,
139,,,N12,50,
139,,,N13,50,
139,,,N14,50,
139,,,N15,50,
139,,,N16,50,
139,,,N17,50,
139,,,N18,50,
139,,,N19,50,
139,,,N20,50,
139,,,N21,50,
139,,,N22,50,
139,,,N23,50,
139,,,N24,50,
139,,,O1,45,
139,,,O2,50,
139,,,O3,50,
139,,,O4,50,
139,,,O5,50,
139,,,O6,50,
139,,,O7,50,
139,,,O8,50,
139,,,O9,50,
139,,,O10,50,
139,,,O11,50,
139,,,O12,50,
139,,,O13,50,
139,,,O14,50,
139,,,O15,50,
139,,,O16,50,
139,,,O17,50,
139,,,O18,50,
139,,,O19,50,
139,,,O20,50,
139,,,O21,50,
139,,,O22,50,
139,,,O23,50,
139,,,O24,50,
139,,,P1,45,
139,,,P2,50,
139,,,P3,50,
139,,,P4,50,
139,,,P5,50,
139,,,P6,50,
139,,,P7,50,
139,,,P8,50,
139,,,P9,50,
139,,,P10,50,
139,,,P11,50,
139,,,P12,50,
139,,,P13,50,
139,,,P14,50,
139,,,P15,50,
139,,,P16,50,
139,,,P17,50,
139,,,P18,50,
139,,,P19,50,
139,,,P20,50,
139,,,P21,50,
139,,,P22,50,
139,,,P23,50,
139,,,P24,50,
140,,,A1,0,
141,,,A1,45,
141,,,A2,50,
141,,,A3,50,
141,,,A4,50,
141,,,A5,50,
141,,,A6,50,
141,,,A7,50,
141,,,A8,50,
141,,,A9,50,
141,,,A10,50,
141,,,A11,50,
141,,,A12,50,
141,,,A13,50,
141,,,A14,50,
141,,,A15,50,
141,,,A16,50,
141,,,A17,50,
141,,,A18,50,
141,,,A19,50,
141,,,A20,50,
141,,,A21,50,
141,,,A22,50,
141,,,A23,50,
141,,,A24,50,
141,,,B1,45,
141,,,B2,50,
141,,,B3,50,
141,,,B4,50,
141,,,B5,50,
141,,,B6,50,
141,,,B7,50,
141,,,B8,50,
141,,,B9,50,
141,,,B10,50,
141,,,B11,50,
141,,,B12,50,
141,,,B13,50,
141,,,B14,50,
141,,,B15,50,
141,,,B16,50,
141,,,B17,50,
141,,,B18,50,
141,,,B19,50,
141,,,B20,50,
141,,,B21,50,
141,,,B22,50,
141,,,B23,50,
141,,,B24,50,
141,,,C1,45,
141,,,C2,50,
141,,,C3,50,
141,,,C4,50,
141,,,C5,50,
141,,,C6,50,
141,,,C7,50,
141,,,C8,50,
141,,,C9,50,
141,,,C10,50,
141,,,C11,50,
141,,,C12,50,
141,,,C13,50,
141,,,C14,50,
141,,,C15,50,
141,,,C16,50,
141,,,C17,50,
141,,,C18,50,
141,,,C19,50,
141,,,C20,50,
141,,,C21,50,
141,,,C22,50,
141,,,C23,50,
141,,,C24,50,
141,,,D1,45,
141,,,D2,50,
141,,,D3,50,
141,,,D4,50,
141,,,D5,50,
141,,,D6,50,
141,,,D7,50,
141,,,D8,50,
141,,,D9,50,
141,,,D10,50,
141,,,D11,50,
141,,,D12,50,
141,,,D13,50,
141,,,D14,50,
141,,,D15,50,
141,,,D16,50,
141,,,D17,50,
141,,,D18,50,
141,,,D19,50,
141,,,D20,50,
141,,,D21,50,
141,,,D22,50,
141,,,D23,50,
141,,,D24,50,
141,,,E1,45,
141,,,E2,50,
141,,,E3,50,
141,,,E4,50,
141,,,E5,50,
141,,,E6,50,
141,,,E7,50,
141,,,E8,50,
141,,,E9,50,
141,,,E10,50,
141,,,E11,50,
141,,,E12,50,
141,,,E13,50,
141,,,E14,50,
141,,,E15,50,
141,,,E16,50,
141,,,E17,50,
141,,,E18,50,
141,,,E19,50,
141,,,E20,50,
141,,,E21,50,
141,,,E22,50,
141,,,E23,50,
141,,,E24,50,
141,,,F1,45,
141,,,F2,50,
141,,,F3,50,
141,,,F4,50,
141,,,F5,50,
141,,,F6,50,
141,,,F7,50,
141,,,F8,50,
141,,,F9,50,
141,,,F10,50,
141,,,F11,50,
141,,,F12,50,
141,,,F13,50,
141,,,F14,50,
141,,,F15,50,
141,,,F16,50,
141,,,F17,50,
141,,,F18,50,
141,,,F19,50,
141,,,F20,50,
141,,,F21,50,
141,,,F22,50,
141,,,F23,50,
141,,,F24,50,
141,,,G1,45,
141,,,G2,50,
141,,,G3,50,
141,,,G4,50,
141,,,G5,50,
141,,,G6,50,
141,,,G7,50,
141,,,G8,50,
141,,,G9,50,
141,,,G10,50,
141,,,G11,50,
141,,,G12,50,
141,,,G13,50,
141,,,G14,50,
141,,,G15,50,
141,,,G16,50,
141,,,G17,50,
141,,,G18,50,
141,,,G19,50,
141,,,G20,50,
141,,,G21,50,
141,,,G22,50,
141,,,G23,50,
141,,,G24,50,
141,,,H1,45,
141,,,H2,50,
141,,,H3,50,
141,,,H4,50,
141,,,H5,50,
141,,,H6,50,
141,,,H7,50,
141,,,H8,50,
141,,,H9,50,
141,,,H10,50,
141,,,H11,50,
141,,,H12,50,
141,,,H13,50,
141,,,H14,50,
141,,,H15,50,
141,,,H16,50,
141,,,H17,50,
141,,,H18,50,
141,,,H19,50,
141,,,H20,50,
141,,,H21,50,
141,,,H22,50,
141,,,H23,50,
141,,,H24,50,
141,,,I1,45,
141,,,I2,50,
141,,,I3,50,
141,,,I4,50,
141,,,I5,50,
141,,,I6,50,
141,,,I7,50,
141,,,I8,50,
141,,,I9,50,
141,,,I10,50,
141,,,I11,50,
141,,,I12,50,
141,,,I13,50,
141,,,I14,50,
141,,,I15,50,
141,,,I16,50,
141,,,I17,50,
141,,,I18,50,
141,,,I19,50,
141,,,I20,50,
141,,,I21,50,
141,,,I22,50,
141,,,I23,50,
141,,,I24,50,
141,,,J1,45,
141,,,J2,50,
141,,,J3,50,
141,,,J4,50,
141,,,J5,50,
141,,,J6,50,
141,,,J7,50,
141,,,J8,50,
141,,,J9,50,
141,,,J10,50,
141,,,J11,50,
141,,,J12,50,
141,,,J13,50,
141,,,J14,50,
141,,,J15,50,
141,,,J16,50,
141,,,J17,50,
141,,,J18,50,
141,,,J19,50,
141,,,J20,50,
141,,,J21,50,
141,,,J22,50,
141,,,J23,50,
141,,,J24,50,
141,,,K1,45,
141,,,K2,50,
141,,,K3,50,
141,,,K4,50,
141,,,K5,50,
141,,,K6,50,
141,,,K7,50,
141,,,K8,50,
141,,,K9,50,
141,,,K10,50,
141,,,K11,50,
141,,,K12,50,
141,,,K13,50,
141,,,K14,50,
141,,,K15,50,
141,,,K16,50,
141,,,K17,50,
141,,,K18,50,
141,,,K19,50,
141,,,K20,50,
141,,,K21,50,
141,,,K22,50,
141,,,K23,50,
141,,,K24,50,
141,,,L1,45,
141,,,L2,50,
141,,,L3,50,
141,,,L4,50,
141,,,L5,50,
141,,,L6,50,
141,,,L7,50,
141,,,L8,50,
141,,,L9,50,
141,,,L10,50,
141,,,L11,50,
141,,,L12,50,
141,,,L13,50,
141,,,L14,50,
141,,,L15,50,
141,,,L16,50,
141,,,L17,50,
141,,,L18,50,
141,,,L19,50,
141,,,L20,50,
141,,,L21,50,
141,,,L22,50,
141,,,L23,50,
141,,,L24,50,
141,,,M1,45,
141,,,M2,50,
141,,,M3,50,
141,,,M4,50,
141,,,M5,50,
141,,,M6,50,
141,,,M7,50,
141,,,M8,50,
141,,,M9,50,
141,,,M10,50,
141,,,M11,50,
141,,,M12,50,
141,,,M13,50,
141,,,M14,50,
141,,,M15,50,
141,,,M16,50,
141,,,M17,50,
141,,,M18,50,
141,,,M19,50,
141,,,M20,50,
141,,,M21,50,
141,,,M22,50,
141,,,M23,50,
141,,,M24,50,
141,,,N1,45,
141,,,N2,50,
141,,,N3,50,
141,,,N4,50,
141,,,N5,50,
141,,,N6,50,
141,,,N7,50,
141,,,N8,50,
141,,,N9,50,
141,,,N10,50,
141,,,N11,50,
141,,,N12,50,
141,,,N13,50,
141,,,N14,50,
141,,,N15,50,
141,,,N16,50,
141,,,N17,50,
141,,,N18,50,
141,,,N19,50,
141,,,N20,50,
141,,,N21,50,
141,,,N22,50,
141,,,N23,50,
141,,,N24,50,
141,,,O1,45,
141,,,O2,50,
141,,,O3,50,
141,,,O4,50,
141,,,O5,50,
141,,,O6,50,
141,,,O7,50,
141,,,O8,50,
141,,,O9,50,
141,,,O10,50,
141,,,O11,50,
141,,,O12,50,
141,,,O13,50,
141,,,O14,50,
141,,,O15,50,
141,,,O16,50,
141,,,O17,50,
141,,,O18,50,
141,,,O19,50,
141,,,O20,50,
141,,,O21,50,
141,,,O22,50,
141,,,O23,50,
141,,,O24,50,
141,,,P1,45,
141,,,P2,50,
141,,,P3,50,
141,,,P4,50,
141,,,P5,50,
141,,,P6,50,
141,,,P7,50,
141,,,P8,50,
141,,,P9,50,
141,,,P10,50,
141,,,P11,50,
141,,,P12,50,
141,,,P13,50,
141,,,P14,50,
141,,,P15,50,
141,,,P16,50,
141,,,P17,50,
141,,,P18,50,
141,,,P19,50,
141,,,P20,50,
141,,,P21,50,
141,,,P22,50,
141,,,P23,50,
141,,,P24,50,
142,,,A1,0,
143,,,A1,45,
143,,,A2,50,
143,,,A3,50,
143,,,A4,50,
143,,,A5,50,
143,,,A6,50,
143,,,A7,50,
143,,,A8,50,
143,,,A9,50,
143,,,A10,50,
143,,,A11,50,
143,,,A12,50,
143,,,A13,50,
143,,,A14,50,
143,,,A15,50,
143,,,A16,50,
143,,,A17,50,
143,,,A18,50,
143,,,A19,50,
143,,,A20,50,
143,,,A21,50,
143,,,A22,50,
143,,,A23,50,
143,,,A24,50,
143,,,B1,45,
143,,,B2,50,
143,,,B3,50,
143,,,B4,50,
143,,,B5,50,
143,,,B6,50,
143,,,B7,50,
143,,,B8,50,
143,,,B9,50,
143,,,B10,50,
143,,,B11,50,
143,,,B12,50,
143,,,B13,50,
143,,,B14,50,
143,,,B15,50,
143,,,B16,50,
143,,,B17,50,
143,,,B18,50,
143,,,B19,50,
143,,,B20,50,
143,,,B21,50,
143,,,B22,50,
143,,,B23,50,
143,,,B24,50,
143,,,C1,45,
143,,,C2,50,
143,,,C3,50,
143,,,C4,50,
143,,,C5,50,
143,,,C6,50,
143,,,C7,50,
143,,,C8,50,
143,,,C9,50,
143,,,C10,50,
143,,,C11,50,
143,,,C12,50,
143,,,C13,50,
143,,,C14,50,
143,,,C15,50,
143,,,C16,50,
143,,,C17,50,
143,,,C18,50,
143,,,C19,50,
143,,,C20,50,
143,,,C21,50,
143,,,C22,50,
143,,,C23,50,
143,,,C24,50,
143,,,D1,45,
143,,,D2,50,
143,,,D3,50,
143,,,D4,50,
143,,,D5,50,
143,,,D6,50,
143,,,D7,50,
143,,,D8,50,
143,,,D9,50,
143,,,D10,50,
143,,,D11,50,
143,,,D12,50,
143,,,D13,50,
143,,,D14,50,
143,,,D15,50,
143,,,D16,50,
143,,,D17,50,
143,,,D18,50,
143,,,D19,50,
143,,,D20,50,
143,,,D21,50,
143,,,D22,50,
143,,,D23,50,
143,,,D24,50,
143,,,E1,45,
143,,,E2,50,
143,,,E3,50,
143,,,E4,50,
143,,,E5,50,
143,,,E6,50,
143,,,E7,50,
143,,,E8,50,
143,,,E9,50,
143,,,E10,50,
143,,,E11,50,
143,,,E12,50,
143,,,E13,50,
143,,,E14,50,
143,,,E15,50,
143,,,E16,50,
143,,,E17,50,
143,,,E18,50,
143,,,E19,50,
143,,,E20,50,
143,,,E21,50,
143,,,E22,50,
143,,,E23,50,
143,,,E24,50,
143,,,F1,45,
143,,,F2,50,
143,,,F3,50,
143,,,F4,50,
143,,,F5,50,
143,,,F6,50,
143,,,F7,50,
143,,,F8,50,
143,,,F9,50,
143,,,F10,50,
143,,,F11,50,
143,,,F12,50,
143,,,F13,50,
143,,,F14,50,
143,,,F15,50,
143,,,F16,50,
143,,,F17,50,
143,,,F18,50,
143,,,F19,50,
143,,,F20,50,
143,,,F21,50,
143,,,F22,50,
143,,,F23,50,
143,,,F24,50,
143,,,G1,45,
143,,,G2,50,
143,,,G3,50,
143,,,G4,50,
143,,,G5,50,
143,,,G6,50,
143,,,G7,50,
143,,,G8,50,
143,,,G9,50,
143,,,G10,50,
143,,,G11,50,
143,,,G12,50,
143,,,G13,50,
143,,,G14,50,
143,,,G15,50,
143,,,G16,50,
143,,,G17,50,
143,,,G18,50,
143,,,G19,50,
143,,,G20,50,
143,,,G21,50,
143,,,G22,50,
143,,,G23,50,
143,,,G24,50,
143,,,H1,45,
143,,,H2,50,
143,,,H3,50,
143,,,H4,50,
143,,,H5,50,
143,,,H6,50,
143,,,H7,50,
143,,,H8,50,
143,,,H9,50,
143,,,H10,50,
143,,,H11,50,
143,,,H12,50,
143,,,H13,50,
143,,,H14,50,
143,,,H15,50,
143,,,H16,50,
143,,,H17,50,
143,,,H18,50,
143,,,H19,50,
143,,,H20,50,
143,,,H21,50,
143,,,H22,50,
143,,,H23,50,
143,,,H24,50,
143,,,I1,45,
143,,,I2,50,
143,,,I3,50,
143,,,I4,50,
143,,,I5,50,
143,,,I6,50,
143,,,I7,50,
143,,,I8,50,
143,,,I9,50,
143,,,I10,50,
143,,,I11,50,
143,,,I12,50,
143,,,I13,50,
143,,,I14,50,
143,,,I15,50,
143,,,I16,50,
143,,,I17,50,
143,,,I18,50,
143,,,I19,50,
143,,,I20,50,
143,,,I21,50,
143,,,I22,50,
143,,,I23,50,
143,,,I24,50,
143,,,J1,45,
143,,,J2,50,
143,,,J3,50,
143,,,J4,50,
143,,,J5,50,
143,,,J6,50,
143,,,J7,50,
143,,,J8,50,
143,,,J9,50,
143,,,J10,50,
143,,,J11,50,
143,,,J12,50,
143,,,J13,50,
143,,,J14,50,
143,,,J15,50,
143,,,J16,50,
143,,,J17,50,
143,,,J18,50,
143,,,J19,50,
143,,,J20,50,
143,,,J21,50,
143,,,J22,50,
143,,,J23,50,
143,,,J24,50,
143,,,K1,45,
143,,,K2,50,
143,,,K3,50,
143,,,K4,50,
143,,,K5,50,
143,,,K6,50,
143,,,K7,50,
143,,,K8,50,
143,,,K9,50,
143,,,K10,50,
143,,,K11,50,
143,,,K12,50,
143,,,K13,50,
143,,,K14,50,
143,,,K15,50,
143,,,K16,50,
143,,,K17,50,
143,,,K18,50,
143,,,K19,50,
143,,,K20,50,
143,,,K21,50,
143,,,K22,50,
143,,,K23,50,
143,,,K24,50,
143,,,L1,45,
143,,,L2,50,
143,,,L3,50,
143,,,L4,50,
143,,,L5,50,
143,,,L6,50,
143,,,L7,50,
143,,,L8,50,
143,,,L9,50,
143,,,L10,50,
143,,,L11,50,
143,,,L12,50,
143,,,L13,50,
143,,,L14,50,
143,,,L15,50,
143,,,L16,50,
143,,,L17,50,
143,,,L18,50,
143,,,L19,50,
143,,,L20,50,
143,,,L21,50,
143,,,L22,50,
143,,,L23,50,
143,,,L24,50,
143,,,M1,45,
143,,,M2,50,
143,,,M3,50,
143,,,M4,50,
143,,,M5,50,
143,,,M6,50,
143,,,M7,50,
143,,,M8,50,
143,,,M9,50,
143,,,M10,50,
143,,,M11,50,
143,,,M12,50,
143,,,M13,50,
143,,,M14,50,
143,,,M15,50,
143,,,M16,50,
143,,,M17,50,
143,,,M18,50,
143,,,M19,50,
143,,,M20,50,
143,,,M21,50,
143,,,M22,50,
143,,,M23,50,
143,,,M24,50,
143,,,N1,45,
143,,,N2,50,
143,,,N3,50,
143,,,N4,50,
143,,,N5,50,
143,,,N6,50,
143,,,N7,50,
143,,,N8,50,
143,,,N9,50,
143,,,N10,50,
143,,,N11,50,
143,,,N12,50,
143,,,N13,50,
143,,,N14,50,
143,,,N15,50,
143,,,N16,50,
143,,,N17,50,
143,,,N18,50,
143,,,N19,50,
143,,,N20,50,
143,,,N21,50,
143,,,N22,50,
143,,,N23,50,
143,,,N24,50,
143,,,O1,45,
143,,,O2,50,
143,,,O3,50,
143,,,O4,50,
143,,,O5,50,
143,,,O6,50,
143,,,O7,50,
143,,,O8,50,
143,,,O9,50,
143,,,O10,50,
143,,,O11,50,
143,,,O12,50,
143,,,O13,50,
143,,,O14,50,
143,,,O15,50,
143,,,O16,50,
143,,,O17,50,
143,,,O18,50,
143,,,O19,50,
143,,,O20,50,
143,,,O21,50,
143,,,O22,50,
143,,,O23,50,
143,,,O24,50,
143,,,P1,45,
143,,,P2,50,
143,,,P3,50,
143,,,P4,50,
143,,,P5,50,
143,,,P6,50,
143,,,P7,50,
143,,,P8,50,
143,,,P9,50,
143,,,P10,50,
143,,,P11,50,
143,,,P12,50,
143,,,P13,50,
143,,,P14,50,
143,,,P15,50,
143,,,P16,50,
143,,,P17,50,
143,,,P18,50,
143,,,P19,50,
143,,,P20,50,
143,,,P21,50,
143,,,P22,50,
143,,,P23,50,
143,,,P24,50,
144,,,A1,0,
145,,,A1,45,
145,,,A2,50,
145,,,A3,50,
145,,,A4,50,
145,,,A5,50,
145,,,A6,50,
145,,,A7,50,
145,,,A8,50,
145,,,A9,50,
145,,,A10,50,
145,,,A11,50,
145,,,A12,50,
145,,,A13,50,
145,,,A14,50,
145,,,A15,50,
145,,,A16,50,
145,,,A17,50,
145,,,A18,50,
145,,,A19,50,
145,,,A20,50,
145,,,A21,50,
145,,,A22,50,
145,,,A23,50,
145,,,A24,50,
145,,,B1,45,
145,,,B2,50,
145,,,B3,50,
145,,,B4,50,
145,,,B5,50,
145,,,B6,50,
145,,,B7,50,
145,,,B8,50,
145,,,B9,50,
145,,,B10,50,
145,,,B11,50,
145,,,B12,50,
145,,,B13,50,
145,,,B14,50,
145,,,B15,50,
145,,,B16,50,
145,,,B17,50,
145,,,B18,50,
145,,,B19,50,
145,,,B20,50,
145,,,B21,50,
145,,,B22,50,
145,,,B23,50,
145,,,B24,50,
145,,,C1,45,
145,,,C2,50,
145,,,C3,50,
145,,,C4,50,
145,,,C5,50,
145,,,C6,50,
145,,,C7,50,
145,,,C8,50,
145,,,C9,50,
145,,,C10,50,
145,,,C11,50,
145,,,C12,50,
145,,,C13,50,
145,,,C14,50,
145,,,C15,50,
145,,,C16,50,
145,,,C17,50,
145,,,C18,50,
145,,,C19,50,
145,,,C20,50,
145,,,C21,50,
145,,,C22,50,
145,,,C23,50,
145,,,C24,50,
145,,,D1,45,
145,,,D2,50,
145,,,D3,50,
145,,,D4,50,
145,,,D5,50,
145,,,D6,50,
145,,,D7,50,
145,,,D8,50,
145,,,D9,50,
145,,,D10,50,
145,,,D11,50,
145,,,D12,50,
145,,,D13,50,
145,,,D14,50,
145,,,D15,50,
145,,,D16,50,
145,,,D17,50,
145,,,D18,50,
145,,,D19,50,
145,,,D20,50,
145,,,D21,50,
145,,,D22,50,
145,,,D23,50,
145,,,D24,50,
145,,,E1,45,
145,,,E2,50,
145,,,E3,50,
145,,,E4,50,
145,,,E5,50,
145,,,E6,50,
145,,,E7,50,
145,,,E8,50,
145,,,E9,50,
145,,,E10,50,
145,,,E11,50,
145,,,E12,50,
145,,,E13,50,
145,,,E14,50,
145,,,E15,50,
145,,,E16,50,
145,,,E17,50,
145,,,E18,50,
145,,,E19,50,
145,,,E20,50,
145,,,E21,50,
145,,,E22,50,
145,,,E23,50,
145,,,E24,50,
145,,,F1,45,
145,,,F2,50,
145,,,F3,50,
145,,,F4,50,
145,,,F5,50,
145,,,F6,50,
145,,,F7,50,
145,,,F8,50,
145,,,F9,50,
145,,,F10,50,
145,,,F11,50,
145,,,F12,50,
145,,,F13,50,
145,,,F14,50,
145,,,F15,50,
145,,,F16,50,
145,,,F17,50,
145,,,F18,50,
145,,,F19,50,
145,,,F20,50,
145,,,F21,50,
145,,,F22,50,
145,,,F23,50,
145,,,F24,50,
145,,,G1,45,
145,,,G2,50,
145,,,G3,50,
145,,,G4,50,
145,,,G5,50,
145,,,G6,50,
145,,,G7,50,
145,,,G8,50,
145,,,G9,50,
145,,,G10,50,
145,,,G11,50,
145,,,G12,50,
145,,,G13,50,
145,,,G14,50,
145,,,G15,50,
145,,,G16,50,
145,,,G17,50,
145,,,G18,50,
145,,,G19,50,
145,,,G20,50,
145,,,G21,50,
145,,,G22,50,
145,,,G23,50,
145,,,G24,50,
145,,,H1,45,
145,,,H2,50,
145,,,H3,50,
145,,,H4,50,
145,,,H5,50,
145,,,H6,50,
145,,,H7,50,
145,,,H8,50,
145,,,H9,50,
145,,,H10,50,
145,,,H11,50,
145,,,H12,50,
145,,,H13,50,
145,,,H14,50,
145,,,H15,50,
145,,,H16,50,
145,,,H17,50,
145,,,H18,50,
145,,,H19,50,
145,,,H20,50,
145,,,H21,50,
145,,,H22,50,
145,,,H23,50,
145,,,H24,50,
145,,,I1,45,
145,,,I2,50,
145,,,I3,50,
145,,,I4,50,
145,,,I5,50,
145,,,I6,50,
145,,,I7,50,
145,,,I8,50,
145,,,I9,50,
145,,,I10,50,
145,,,I11,50,
145,,,I12,50,
145,,,I13,50,
145,,,I14,50,
145,,,I15,50,
145,,,I16,50,
145,,,I17,50,
145,,,I18,50,
145,,,I19,50,
145,,,I20,50,
145,,,I21,50,
145,,,I22,50,
145,,,I23,50,
145,,,I24,50,
145,,,J1,45,
145,,,J2,50,
145,,,J3,50,
145,,,J4,50,
145,,,J5,50,
145,,,J6,50,
145,,,J7,50,
145,,,J8,50,
145,,,J9,50,
145,,,J10,50,
145,,,J11,50,
145,,,J12,50,
145,,,J13,50,
145,,,J14,50,
145,,,J15,50,
145,,,J16,50,
145,,,J17,50,
145,,,J18,50,
145,,,J19,50,
145,,,J20,50,
145,,,J21,50,
145,,,J22,50,
145,,,J23,50,
145,,,J24,50,
145,,,K1,45,
145,,,K2,50,
145,,,K3,50,
145,,,K4,50,
145,,,K5,50,
145,,,K6,50,
145,,,K7,50,
145,,,K8,50,
145,,,K9,50,
145,,,K10,50,
145,,,K11,50,
145,,,K12,50,
145,,,K13,50,
145,,,K14,50,
145,,,K15,50,
145,,,K16,50,
145,,,K17,50,
145,,,K18,50,
145,,,K19,50,
145,,,K20,50,
145,,,K21,50,
145,,,K22,50,
145,,,K23,50,
145,,,K24,50,
145,,,L1,45,
145,,,L2,50,
145,,,L3,50,
145,,,L4,50,
145,,,L5,50,
145,,,L6,50,
145,,,L7,50,
145,,,L8,50,
145,,,L9,50,
145,,,L10,50,
145,,,L11,50,
145,,,L12,50,
145,,,L13,50,
145,,,L14,50,
145,,,L15,50,
145,,,L16,50,
145,,,L17,50,
145,,,L18,50,
145,,,L19,50,
145,,,L20,50,
145,,,L21,50,
145,,,L22,50,
145,,,L23,50,
145,,,L24,50,
145,,,M1,45,
145,,,M2,50,
145,,,M3,50,
145,,,M4,50,
145,,,M5,50,
145,,,M6,50,
145,,,M7,50,
145,,,M8,50,
145,,,M9,50,
145,,,M10,50,
145,,,M11,50,
145,,,M12,50,
145,,,M13,50,
145,,,M14,50,
145,,,M15,50,
145,,,M16,50,
145,,,M17,50,
145,,,M18,50,
145,,,M19,50,
145,,,M20,50,
145,,,M21,50,
145,,,M22,50,
145,,,M23,50,
145,,,M24,50,
145,,,N1,45,
145,,,N2,50,
145,,,N3,50,
145,,,N4,50,
145,,,N5,50,
145,,,N6,50,
145,,,N7,50,
145,,,N8,50,
145,,,N9,50,
145,,,N10,50,
145,,,N11,50,
145,,,N12,50,
145,,,N13,50,
145,,,N14,50,
145,,,N15,50,
145,,,N16,50,
145,,,N17,50,
145,,,N18,50,
145,,,N19,50,
145,,,N20,50,
145,,,N21,50,
145,,,N22,50,
145,,,N23,50,
145,,,N24,50,
145,,,O1,45,
145,,,O2,50,
145,,,O3,50,
145,,,O4,50,
145,,,O5,50,
145,,,O6,50,
145,,,O7,50,
145,,,O8,50,
145,,,O9,50,
145,,,O10,50,
145,,,O11,50,
145,,,O12,50,
145,,,O13,50,
145,,,O14,50,
145,,,O15,50,
145,,,O16,50,
145,,,O17,50,
145,,,O18,50,
145,,,O19,50,
145,,,O20,50,
145,,,O21,50,
145,,,O22,50,
145,,,O23,50,
145,,,O24,50,
145,,,P1,45,
145,,,P2,50,
145,,,P3,50,
145,,,P4,50,
145,,,P5,50,
145,,,P6,50,
145,,,P7,50,
145,,,P8,50,
145,,,P9,50,
145,,,P10,50,
145,,,P11,50,
145,,,P12,50,
145,,,P13,50,
145,,,P14,50,
145,,,P15,50,
145,,,P16,50,
145,,,P17,50,
145,,,P18,50,
145,,,P19,50,
145,,,P20,50,
145,,,P21,50,
145,,,P22,50,
145,,,P23,50,
145,,,P24,50,
146,,,A1,0,
147,,,A1,45,
147,,,A2,50,
147,,,A3,50,
147,,,A4,50,
147,,,A5,50,
147,,,A6,50,
147,,,A7,50,
147,,,A8,50,
147,,,A9,50,
147,,,A10,50,
147,,,A11,50,
147,,,A12,50,
147,,,A13,50,
147,,,A14,50,
147,,,A15,50,
147,,,A16,50,
147,,,A17,50,
147,,,A18,50,
147,,,A19,50,
147,,,A20,50,
147,,,A21,50,
147,,,A22,50,
147,,,A23,50,
147,,,A24,50,
147,,,B1,45,
147,,,B2,50,
147,,,B3,50,
147,,,B4,50,
147,,,B5,50,
147,,,B6,50,
147,,,B7,50,
147,,,B8,50,
147,,,B9,50,
147,,,B10,50,
147,,,B11,50,
147,,,B12,50,
147,,,B13,50,
147,,,B14,50,
147,,,B15,50,
147,,,B16,50,
147,,,B17,50,
147,,,B18,50,
147,,,B19,50,
147,,,B20,50,
147,,,B21,50,
147,,,B22,50,
147,,,B23,50,
147,,,B24,50,
147,,,C1,45,
147,,,C2,50,
147,,,C3,50,
147,,,C4,50,
147,,,C5,50,
147,,,C6,50,
147,,,C7,50,
147,,,C8,50,
147,,,C9,50,
147,,,C10,50,
147,,,C11,50,
147,,,C12,50,
147,,,C13,50,
147,,,C14,50,
147,,,C15,50,
147,,,C16,50,
147,,,C17,50,
147,,,C18,50,
147,,,C19,50,
147,,,C20,50,
147,,,C21,50,
147,,,C22,50,
147,,,C23,50,
147,,,C24,50,
147,,,D1,45,
147,,,D2,50,
147,,,D3,50,
147,,,D4,50,
147,,,D5,50,
147,,,D6,50,
147,,,D7,50,
147,,,D8,50,
147,,,D9,50,
147,,,D10,50,
147,,,D11,50,
147,,,D12,50,
147,,,D13,50,
147,,,D14,50,
147,,,D15,50,
147,,,D16,50,
147,,,D17,50,
147,,,D18,50,
147,,,D19,50,
147,,,D20,50,
147,,,D21,50,
147,,,D22,50,
147,,,D23,50,
147,,,D24,50,
147,,,E1,45,
147,,,E2,50,
147,,,E3,50,
147,,,E4,50,
147,,,E5,50,
147,,,E6,50,
147,,,E7,50,
147,,,E8,50,
147,,,E9,50,
147,,,E10,50,
147,,,E11,50,
147,,,E12,50,
147,,,E13,50,
147,,,E14,50,
147,,,E15,50,
147,,,E16,50,
147,,,E17,50,
147,,,E18,50,
147,,,E19,50,
147,,,E20,50,
147,,,E21,50,
147,,,E22,50,
147,,,E23,50,
147,,,E24,50,
147,,,F1,45,
147,,,F2,50,
147,,,F3,50,
147,,,F4,50,
147,,,F5,50,
147,,,F6,50,
147,,,F7,50,
147,,,F8,50,
147,,,F9,50,
147,,,F10,50,
147,,,F11,50,
147,,,F12,50,
147,,,F13,50,
147,,,F14,50,
147,,,F15,50,
147,,,F16,50,
147,,,F17,50,
147,,,F18,50,
147,,,F19,50,
147,,,F20,50,
147,,,F21,50,
147,,,F22,50,
147,,,F23,50,
147,,,F24,50,
147,,,G1,45,
147,,,G2,50,
147,,,G3,50,
147,,,G4,50,
147,,,G5,50,
147,,,G6,50,
147,,,G7,50,
147,,,G8,50,
147,,,G9,50,
147,,,G10,50,
147,,,G11,50,
147,,,G12,50,
147,,,G13,50,
147,,,G14,50,
147,,,G15,50,
147,,,G16,50,
147,,,G17,50,
147,,,G18,50,
147,,,G19,50,
147,,,G20,50,
147,,,G21,50,
147,,,G22,50,
147,,,G23,50,
147,,,G24,50,
147,,,H1,45,
147,,,H2,50,
147,,,H3,50,
147,,,H4,50,
147,,,H5,50,
147,,,H6,50,
147,,,H7,50,
147,,,H8,50,
147,,,H9,50,
147,,,H10,50,
147,,,H11,50,
147,,,H12,50,
147,,,H13,50,
147,,,H14,50,
147,,,H15,50,
147,,,H16,50,
147,,,H17,50,
147,,,H18,50,
147,,,H19,50,
147,,,H20,50,
147,,,H21,50,
147,,,H22,50,
147,,,H23,50,
147,,,H24,50,
147,,,I1,45,
147,,,I2,50,
147,,,I3,50,
147,,,I4,50,
147,,,I5,50,
147,,,I6,50,
147,,,I7,50,
147,,,I8,50,
147,,,I9,50,
147,,,I10,50,
147,,,I11,50,
147,,,I12,50,
147,,,I13,50,
147,,,I14,50,
147,,,I15,50,
147,,,I16,50,
147,,,I17,50,
147,,,I18,50,
147,,,I19,50,
147,,,I20,50,
147,,,I21,50,
147,,,I22,50,
147,,,I23,50,
147,,,I24,50,
147,,,J1,45,
147,,,J2,50,
147,,,J3,50,
147,,,J4,50,
147,,,J5,50,
147,,,J6,50,
147,,,J7,50,
147,,,J8,50,
147,,,J9,50,
147,,,J10,50,
147,,,J11,50,
147,,,J12,50,
147,,,J13,50,
147,,,J14,50,
147,,,J15,50,
147,,,J16,50,
147,,,J17,50,
147,,,J18,50,
147,,,J19,50,
147,,,J20,50,
147,,,J21,50,
147,,,J22,50,
147,,,J23,50,
147,,,J24,50,
147,,,K1,45,
147,,,K2,50,
147,,,K3,50,
147,,,K4,50,
147,,,K5,50,
147,,,K6,50,
147,,,K7,50,
147,,,K8,50,
147,,,K9,50,
147,,,K10,50,
147,,,K11,50,
147,,,K12,50,
147,,,K13,50,
147,,,K14,50,
147,,,K15,50,
147,,,K16,50,
147,,,K17,50,
147,,,K18,50,
147,,,K19,50,
147,,,K20,50,
147,,,K21,50,
147,,,K22,50,
147,,,K23,50,
147,,,K24,50,
147,,,L1,45,
147,,,L2,50,
147,,,L3,50,
147,,,L4,50,
147,,,L5,50,
147,,,L6,50,
147,,,L7,50,
147,,,L8,50,
147,,,L9,50,
147,,,L10,50,
147,,,L11,50,
147,,,L12,50,
147,,,L13,50,
147,,,L14,50,
147,,,L15,50,
147,,,L16,50,
147,,,L17,50,
147,,,L18,50,
147,,,L19,50,
147,,,L20,50,
147,,,L21,50,
147,,,L22,50,
147,,,L23,50,
147,,,L24,50,
147,,,M1,45,
147,,,M2,50,
147,,,M3,50,
147,,,M4,50,
147,,,M5,50,
147,,,M6,50,
147,,,M7,50,
147,,,M8,50,
147,,,M9,50,
147,,,M10,50,
147,,,M11,50,
147,,,M12,50,
147,,,M13,50,
147,,,M14,50,
147,,,M15,50,
147,,,M16,50,
147,,,M17,50,
147,,,M18,50,
147,,,M19,50,
147,,,M20,50,
147,,,M21,50,
147,,,M22,50,
147,,,M23,50,
147,,,M24,50,
147,,,N1,45,
147,,,N2,50,
147,,,N3,50,
147,,,N4,50,
147,,,N5,50,
147,,,N6,50,
147,,,N7,50,
147,,,N8,50,
147,,,N9,50,
147,,,N10,50,
147,,,N11,50,
147,,,N12,50,
147,,,N13,50,
147,,,N14,50,
147,,,N15,50,
147,,,N16,50,
147,,,N17,50,
147,,,N18,50,
147,,,N19,50,
147,,,N20,50,
147,,,N21,50,
147,,,N22,50,
147,,,N23,50,
147,,,N24,50,
147,,,O1,45,
147,,,O2,50,
147,,,O3,50,
147,,,O4,50,
147,,,O5,50,
147,,,O6,50,
147,,,O7,50,
147,,,O8,50,
147,,,O9,50,
147,,,O10,50,
147,,,O11,50,
147,,,O12,50,
147,,,O13,50,
147,,,O14,50,
147,,,O15,50,
147,,,O16,50,
147,,,O17,50,
147,,,O18,50,
147,,,O19,50,
147,,,O20,50,
147,,,O21,50,
147,,,O22,50,
147,,,O23,50,
147,,,O24,50,
147,,,P1,45,
147,,,P2,50,
147,,,P3,50,
147,,,P4,50,
147,,,P5,50,
147,,,P6,50,
147,,,P7,50,
147,,,P8,50,
147,,,P9,50,
147,,,P10,50,
147,,,P11,50,
147,,,P12,50,
147,,,P13,50,
147,,,P14,50,
147,,,P15,50,
147,,,P16,50,
147,,,P17,50,
147,,,P18,50,
147,,,P19,50,
147,,,P20,50,
147,,,P21,50,
147,,,P22,50,
147,,,P23,50,
147,,,P24,50,
148,,,A1,0,
149,,,A1,45,
149,,,A2,50,
149,,,A3,50,
149,,,A4,50,
149,,,A5,50,
149,,,A6,50,
149,,,A7,50,
149,,,A8,50,
149,,,A9,50,
149,,,A10,50,
149,,,A11,50,
149,,,A12,50,
149,,,A13,50,
149,,,A14,50,
149,,,A15,50,
149,,,A16,50,
149,,,A17,50,
149,,,A18,50,
149,,,A19,50,
149,,,A20,50,
149,,,A21,50,
149,,,A22,50,
149,,,A23,50,
149,,,A24,50,
149,,,B1,45,
149,,,B2,50,
149,,,B3,50,
149,,,B4,50,
149,,,B5,50,
149,,,B6,50,
149,,,B7,50,
149,,,B8,50,
149,,,B9,50,
149,,,B10,50,
149,,,B11,50,
149,,,B12,50,
149,,,B13,50,
149,,,B14,50,
149,,,B15,50,
149,,,B16,50,
149,,,B17,50,
149,,,B18,50,
149,,,B19,50,
149,,,B20,50,
149,,,B21,50,
149,,,B22,50,
149,,,B23,50,
149,,,B24,50,
149,,,C1,45,
149,,,C2,50,
149,,,C3,50,
149,,,C4,50,
149,,,C5,50,
149,,,C6,50,
149,,,C7,50,
149,,,C8,50,
149,,,C9,50,
149,,,C10,50,
149,,,C11,50,
149,,,C12,50,
149,,,C13,50,
149,,,C14,50,
149,,,C15,50,
149,,,C16,50,
149,,,C17,50,
149,,,C18,50,
149,,,C19,50,
149,,,C20,50,
149,,,C21,50,
149,,,C22,50,
149,,,C23,50,
149,,,C24,50,
149,,,D1,45,
149,,,D2,50,
149,,,D3,50,
149,,,D4,50,
149,,,D5,50,
149,,,D6,50,
149,,,D7,50,
149,,,D8,50,
149,,,D9,50,
149,,,D10,50,
149,,,D11,50,
149,,,D12,50,
149,,,D13,50,
149,,,D14,50,
149,,,D15,50,
149,,,D16,50,
149,,,D17,50,
149,,,D18,50,
149,,,D19,50,
149,,,D20,50,
149,,,D21,50,
149,,,D22,50,
149,,,D23,50,
149,,,D24,50,
149,,,E1,45,
149,,,E2,50,
149,,,E3,50,
149,,,E4,50,
149,,,E5,50,
149,,,E6,50,
149,,,E7,50,
149,,,E8,50,
149,,,E9,50,
149,,,E10,50,
149,,,E11,50,
149,,,E12,50,
149,,,E13,50,
149,,,E14,50,
149,,,E15,50,
149,,,E16,50,
149,,,E17,50,
149,,,E18,50,
149,,,E19,50,
149,,,E20,50,
149,,,E21,50,
149,,,E22,50,
149,,,E23,50,
149,,,E24,50,
149,,,F1,45,
149,,,F2,50,
149,,,F3,50,
149,,,F4,50,
149,,,F5,50,
149,,,F6,50,
149,,,F7,50,
149,,,F8,50,
149,,,F9,50,
149,,,F10,50,
149,,,F11,50,
149,,,F12,50,
149,,,F13,50,
149,,,F14,50,
149,,,F15,50,
149,,,F16,50,
149,,,F17,50,
149,,,F18,50,
149,,,F19,50,
149,,,F20,50,
149,,,F21,50,
149,,,F22,50,
149,,,F23,50,
149,,,F24,50,
149,,,G1,45,
149,,,G2,50,
149,,,G3,50,
149,,,G4,50,
149,,,G5,50,
149,,,G6,50,
149,,,G7,50,
149,,,G8,50,
149,,,G9,50,
149,,,G10,50,
149,,,G11,50,
149,,,G12,50,
149,,,G13,50,
149,,,G14,50,
149,,,G15,50,
149,,,G16,50,
149,,,G17,50,
149,,,G18,50,
149,,,G19,50,
149,,,G20,50,
149,,,G21,50,
149,,,G22,50,
149,,,G23,50,
149,,,G24,50,
149,,,H1,45,
149,,,H2,50,
149,,,H3,50,
149,,,H4,50,
149,,,H5,50,
149,,,H6,50,
149,,,H7,50,
149,,,H8,50,
149,,,H9,50,
149,,,H10,50,
149,,,H11,50,
149,,,H12,50,
149,,,H13,50,
149,,,H14,50,
149,,,H15,50,
149,,,H16,50,
149,,,H17,50,
149,,,H18,50,
149,,,H19,50,
149,,,H20,50,
149,,,H21,50,
149,,,H22,50,
149,,,H23,50,
149,,,H24,50,
149,,,I1,45,
149,,,I2,50,
149,,,I3,50,
149,,,I4,50,
149,,,I5,50,
149,,,I6,50,
149,,,I7,50,
149,,,I8,50,
149,,,I9,50,
149,,,I10,50,
149,,,I11,50,
149,,,I12,50,
149,,,I13,50,
149,,,I14,50,
149,,,I15,50,
149,,,I16,50,
149,,,I17,50,
149,,,I18,50,
149,,,I19,50,
149,,,I20,50,
149,,,I21,50,
149,,,I22,50,
149,,,I23,50,
149,,,I24,50,
149,,,J1,45,
149,,,J2,50,
149,,,J3,50,
149,,,J4,50,
149,,,J5,50,
149,,,J6,50,
149,,,J7,50,
149,,,J8,50,
149,,,J9,50,
149,,,J10,50,
149,,,J11,50,
149,,,J12,50,
149,,,J13,50,
149,,,J14,50,
149,,,J15,50,
149,,,J16,50,
149,,,J17,50,
149,,,J18,50,
149,,,J19,50,
149,,,J20,50,
149,,,J21,50,
149,,,J22,50,
149,,,J23,50,
149,,,J24,50,
149,,,K1,45,
149,,,K2,50,
149,,,K3,50,
149,,,K4,50,
149,,,K5,50,
149,,,K6,50,
149,,,K7,50,
149,,,K8,50,
149,,,K9,50,
149,,,K10,50,
149,,,K11,50,
149,,,K12,50,
149,,,K13,50,
149,,,K14,50,
149,,,K15,50,
149,,,K16,50,
149,,,K17,50,
149,,,K18,50,
149,,,K19,50,
149,,,K20,50,
149,,,K21,50,
149,,,K22,50,
149,,,K23,50,
149,,,K24,50,
149,,,L1,45,
149,,,L2,50,
149,,,L3,50,
149,,,L4,50,
149,,,L5,50,
149,,,L6,50,
149,,,L7,50,
149,,,L8,50,
149,,,L9,50,
149,,,L10,50,
149,,,L11,50,
149,,,L12,50,
149,,,L13,50,
149,,,L14,50,
149,,,L15,50,
149,,,L16,50,
149,,,L17,50,
149,,,L18,50,
149,,,L19,50,
149,,,L20,50,
149,,,L21,50,
149,,,L22,50,
149,,,L23,50,
149,,,L24,50,
149,,,M1,45,
149,,,M2,50,
149,,,M3,50,
149,,,M4,50,
149,,,M5,50,
149,,,M6,50,
149,,,M7,50,
149,,,M8,50,
149,,,M9,50,
149,,,M10,50,
149,,,M11,50,
149,,,M12,50,
149,,,M13,50,
149,,,M14,50,
149,,,M15,50,
149,,,M16,50,
149,,,M17,50,
149,,,M18,50,
149,,,M19,50,
149,,,M20,50,
149,,,M21,50,
149,,,M22,50,
149,,,M23,50,
149,,,M24,50,
149,,,N1,45,
149,,,N2,50,
149,,,N3,50,
149,,,N4,50,
149,,,N5,50,
149,,,N6,50,
149,,,N7,50,
149,,,N8,50,
149,,,N9,50,
149,,,N10,50,
149,,,N11,50,
149,,,N12,50,
149,,,N13,50,
149,,,N14,50,
149,,,N15,50,
149,,,N16,50,
149,,,N17,50,
149,,,N18,50,
149,,,N19,50,
149,,,N20,50,
149,,,N21,50,
149,,,N22,50,
149,,,N23,50,
149,,,N24,50,
149,,,O1,45,
149,,,O2,50,
149,,,O3,50,
149,,,O4,50,
149,,,O5,50,
149,,,O6,50,
149,,,O7,50,
149,,,O8,50,
149,,,O9,50,
149,,,O10,50,
149,,,O11,50,
149,,,O12,50,
149,,,O13,50,
149,,,O14,50,
149,,,O15,50,
149,,,O16,50,
149,,,O17,50,
149,,,O18,50,
149,,,O19,50,
149,,,O20,50,
149,,,O21,50,
149,,,O22,50,
149,,,O23,50,
149,,,O24,50,
149,,,P1,45,
149,,,P2,50,
149,,,P3,50,
149,,,P4,50,
149,,,P5,50,
149,,,P6,50,
149,,,P7,50,
149,,,P8,50,
149,,,P9,50,
149,,,P10,50,
149,,,P11,50,
149,,,P12,50,
149,,,P13,50,
149,,,P14,50,
149,,,P15,50,
149,,,P16,50,
149,,,P17,50,
149,,,P18,50,
149,,,P19,50,
149,,,P20,50,
149,,,P21,50,
149,,,P22,50,
149,,,P23,50,
149,,,P24,50,
150,,,A1,0,
151,,,A1,45,
151,,,A2,50,
151,,,A3,50,
151,,,A4,50,
151,,,A5,50,
151,,,A6,50,
151,,,A7,50,
151,,,A8,50,
151,,,A9,50,
151,,,A10,50,
151,,,A11,50,
151,,,A12,50,
151,,,A13,50,
151,,,A14,50,
151,,,A15,50,
151,,,A16,50,
151,,,A17,50,
151,,,A18,50,
151,,,A19,50,
151,,,A20,50,
151,,,A21,50,
151,,,A22,50,
151,,,A23,50,
151,,,A24,50,
151,,,B1,45,
151,,,B2,50,
151,,,B3,50,
151,,,B4,50,
151,,,B5,50,
151,,,B6,50,
151,,,B7,50,
151,,,B8,50,
151,,,B9,50,
151,,,B10,50,
151,,,B11,50,
151,,,B12,50,
151,,,B13,50,
151,,,B14,50,
151,,,B15,50,
151,,,B16,50,
151,,,B17,50,
151,,,B18,50,
151,,,B19,50,
151,,,B20,50,
151,,,B21,50,
151,,,B22,50,
151,,,B23,50,
151,,,B24,50,
151,,,C1,45,
151,,,C2,50,
151,,,C3,50,
151,,,C4,50,
151,,,C5,50,
151,,,C6,50,
151,,,C7,50,
151,,,C8,50,
151,,,C9,50,
151,,,C10,50,
151,,,C11,50,
151,,,C12,50,
151,,,C13,50,
151,,,C14,50,
151,,,C15,50,
151,,,C16,50,
151,,,C17,50,
151,,,C18,50,
151,,,C19,50,
151,,,C20,50,
151,,,C21,50,
151,,,C22,50,
151,,,C23,50,
151,,,C24,50,
151,,,D1,45,
151,,,D2,50,
151,,,D3,50,
151,,,D4,50,
151,,,D5,50,
151,,,D6,50,
151,,,D7,50,
151,,,D8,50,
151,,,D9,50,
151,,,D10,50,
151,,,D11,50,
151,,,D12,50,
151,,,D13,50,
151,,,D14,50,
151,,,D15,50,
151,,,D16,50,
151,,,D17,50,
151,,,D18,50,
151,,,D19,50,
151,,,D20,50,
151,,,D21,50,
151,,,D22,50,
151,,,D23,50,
151,,,D24,50,
151,,,E1,45,
151,,,E2,50,
151,,,E3,50,
151,,,E4,50,
151,,,E5,50,
151,,,E6,50,
151,,,E7,50,
151,,,E8,50,
151,,,E9,50,
151,,,E10,50,
151,,,E11,50,
151,,,E12,50,
151,,,E13,50,
151,,,E14,50,
151,,,E15,50,
151,,,E16,50,
151,,,E17,50,
151,,,E18,50,
151,,,E19,50,
151,,,E20,50,
151,,,E21,50,
151,,,E22,50,
151,,,E23,50,
151,,,E24,50,
151,,,F1,45,
151,,,F2,50,
151,,,F3,50,
151,,,F4,50,
151,,,F5,50,
151,,,F6,50,
151,,,F7,50,
151,,,F8,50,
151,,,F9,50,
151,,,F10,50,
151,,,F11,50,
151,,,F12,50,
151,,,F13,50,
151,,,F14,50,
151,,,F15,50,
151,,,F16,50,
151,,,F17,50,
151,,,F18,50,
151,,,F19,50,
151,,,F20,50,
151,,,F21,50,
151,,,F22,50,
151,,,F23,50,
151,,,F24,50,
151,,,G1,45,
151,,,G2,50,
151,,,G3,50,
151,,,G4,50,
151,,,G5,50,
151,,,G6,50,
151,,,G7,50,
151,,,G8,50,
151,,,G9,50,
151,,,G10,50,
151,,,G11,50,
151,,,G12,50,
151,,,G13,50,
151,,,G14,50,
151,,,G15,50,
151,,,G16,50,
151,,,G17,50,
151,,,G18,50,
151,,,G19,50,
151,,,G20,50,
151,,,G21,50,
151,,,G22,50,
151,,,G23,50,
151,,,G24,50,
151,,,H1,45,
151,,,H2,50,
151,,,H3,50,
151,,,H4,50,
151,,,H5,50,
151,,,H6,50,
151,,,H7,50,
151,,,H8,50,
151,,,H9,50,
151,,,H10,50,
151,,,H11,50,
151,,,H12,50,
151,,,H13,50,
151,,,H14,50,
151,,,H15,50,
151,,,H16,50,
151,,,H17,50,
151,,,H18,50,
151,,,H19,50,
151,,,H20,50,
151,,,H21,50,
151,,,H22,50,
151,,,H23,50,
151,,,H24,50,
151,,,I1,45,
151,,,I2,50,
151,,,I3,50,
151,,,I4,50,
151,,,I5,50,
151,,,I6,50,
151,,,I7,50,
151,,,I8,50,
151,,,I9,50,
151,,,I10,50,
151,,,I11,50,
151,,,I12,50,
151,,,I13,50,
151,,,I14,50,
151,,,I15,50,
151,,,I16,50,
151,,,I17,50,
151,,,I18,50,
151,,,I19,50,
151,,,I20,50,
151,,,I21,50,
151,,,I22,50,
151,,,I23,50,
151,,,I24,50,
151,,,J1,45,
151,,,J2,50,
151,,,J3,50,
151,,,J4,50,
151,,,J5,50,
151,,,J6,50,
151,,,J7,50,
151,,,J8,50,
151,,,J9,50,
151,,,J10,50,
151,,,J11,50,
151,,,J12,50,
151,,,J13,50,
151,,,J14,50,
151,,,J15,50,
151,,,J16,50,
151,,,J17,50,
151,,,J18,50,
151,,,J19,50,
151,,,J20,50,
151,,,J21,50,
151,,,J22,50,
151,,,J23,50,
151,,,J24,50,
151,,,K1,45,
151,,,K2,50,
151,,,K3,50,
151,,,K4,50,
151,,,K5,50,
151,,,K6,50,
151,,,K7,50,
151,,,K8,50,
151,,,K9,50,
151,,,K10,50,
151,,,K11,50,
151,,,K12,50,
151,,,K13,50,
151,,,K14,50,
151,,,K15,50,
151,,,K16,50,
151,,,K17,50,
151,,,K18,50,
151,,,K19,50,
151,,,K20,50,
151,,,K21,50,
151,,,K22,50,
151,,,K23,50,
151,,,K24,50,
151,,,L1,45,
151,,,L2,50,
151,,,L3,50,
151,,,L4,50,
151,,,L5,50,
151,,,L6,50,
151,,,L7,50,
151,,,L8,50,
151,,,L9,50,
151,,,L10,50,
151,,,L11,50,
151,,,L12,50,
151,,,L13,50,
151,,,L14,50,
151,,,L15,50,
151,,,L16,50,
151,,,L17,50,
151,,,L18,50,
151,,,L19,50,
151,,,L20,50,
151,,,L21,50,
151,,,L22,50,
151,,,L23,50,
151,,,L24,50,
151,,,M1,45,
151,,,M2,50,
151,,,M3,50,
151,,,M4,50,
151,,,M5,50,
151,,,M6,50,
151,,,M7,50,
151,,,M8,50,
151,,,M9,50,
151,,,M10,50,
151,,,M11,50,
151,,,M12,50,
151,,,M13,50,
151,,,M14,50,
151,,,M15,50,
151,,,M16,50,
151,,,M17,50,
151,,,M18,50,
151,,,M19,50,
151,,,M20,50,
151,,,M21,50,
151,,,M22,50,
151,,,M23,50,
151,,,M24,50,
151,,,N1,45,
151,,,N2,50,
151,,,N3,50,
151,,,N4,50,
151,,,N5,50,
151,,,N6,50,
151,,,N7,50,
151,,,N8,50,
151,,,N9,50,
151,,,N10,50,
151,,,N11,50,
151,,,N12,50,
151,,,N13,50,
151,,,N14,50,
151,,,N15,50,
151,,,N16,50,
151,,,N17,50,
151,,,N18,50,
151,,,N19,50,
151,,,N20,50,
151,,,N21,50,
151,,,N22,50,
151,,,N23,50,
151,,,N24,50,
151,,,O1,45,
151,,,O2,50,
151,,,O3,50,
151,,,O4,50,
151,,,O5,50,
151,,,O6,50,
151,,,O7,50,
151,,,O8,50,
151,,,O9,50,
151,,,O10,50,
151,,,O11,50,
151,,,O12,50,
151,,,O13,50,
151,,,O14,50,
151,,,O15,50,
151,,,O16,50,
151,,,O17,50,
151,,,O18,50,
151,,,O19,50,
151,,,O20,50,
151,,,O21,50,
151,,,O22,50,
151,,,O23,50,
151,,,O24,50,
151,,,P1,45,
151,,,P2,50,
151,,,P3,50,
151,,,P4,50,
151,,,P5,50,
151,,,P6,50,
151,,,P7,50,
151,,,P8,50,
151,,,P9,50,
151,,,P10,50,
151,,,P11,50,
151,,,P12,50,
151,,,P13,50,
151,,,P14,50,
151,,,P15,50,
151,,,P16,50,
151,,,P17,50,
151,,,P18,50,
151,,,P19,50,
151,,,P20,50,
151,,,P21,50,
151,,,P22,50,
151,,,P23,50,
151,,,P24,50,
152,,,A1,0,
153,,,A1,45,
153,,,A2,50,
153,,,A3,50,
153,,,A4,50,
153,,,A5,50,
153,,,A6,50,
153,,,A7,50,
153,,,A8,50,
153,,,A9,50,
153,,,A10,50,
153,,,A11,50,
153,,,A12,50,
153,,,A13,50,
153,,,A14,50,
153,,,A15,50,
153,,,A16,50,
153,,,A17,50,
153,,,A18,50,
153,,,A19,50,
153,,,A20,50,
153,,,A21,50,
153,,,A22,50,
153,,,A23,50,
153,,,A24,50,
153,,,B1,45,
153,,,B2,50,
153,,,B3,50,
153,,,B4,50,
153,,,B5,50,
153,,,B6,50,
153,,,B7,50,
153,,,B8,50,
153,,,B9,50,
153,,,B10,50,
153,,,B11,50,
153,,,B12,50,
153,,,B13,50,
153,,,B14,50,
153,,,B15,50,
153,,,B16,50,
153,,,B17,50,
153,,,B18,50,
153,,,B19,50,
153,,,B20,50,
153,,,B21,50,
153,,,B22,50,
153,,,B23,50,
153,,,B24,50,
153,,,C1,45,
153,,,C2,50,
153,,,C3,50,
153,,,C4,50,
153,,,C5,50,
153,,,C6,50,
153,,,C7,50,
153,,,C8,50,
153,,,C9,50,
153,,,C10,50,
153,,,C11,50,
153,,,C12,50,
153,,,C13,50,
153,,,C14,50,
153,,,C15,50,
153,,,C16,50,
153,,,C17,50,
153,,,C18,50,
153,,,C19,50,
153,,,C20,50,
153,,,C21,50,
153,,,C22,50,
153,,,C23,50,
153,,,C24,50,
153,,,D1,45,
153,,,D2,50,
153,,,D3,50,
153,,,D4,50,
153,,,D5,50,
153,,,D6,50,
153,,,D7,50,
153,,,D8,50,
153,,,D9,50,
153,,,D10,50,
153,,,D11,50,
153,,,D12,50,
153,,,D13,50,
153,,,D14,50,
153,,,D15,50,
153,,,D16,50,
153,,,D17,50,
153,,,D18,50,
153,,,D19,50,
153,,,D20,50,
153,,,D21,50,
153,,,D22,50,
153,,,D23,50,
153,,,D24,50,
153,,,E1,45,
153,,,E2,50,
153,,,E3,50,
153,,,E4,50,
153,,,E5,50,
153,,,E6,50,
153,,,E7,50,
153,,,E8,50,
153,,,E9,50,
153,,,E10,50,
153,,,E11,50,
153,,,E12,50,
153,,,E13,50,
153,,,E14,50,
153,,,E15,50,
153,,,E16,50,
153,,,E17,50,
153,,,E18,50,
153,,,E19,50,
153,,,E20,50,
153,,,E21,50,
153,,,E22,50,
153,,,E23,50,
153,,,E24,50,
153,,,F1,45,
153,,,F2,50,
153,,,F3,50,
153,,,F4,50,
153,,,F5,50,
153,,,F6,50,
153,,,F7,50,
153,,,F8,50,
153,,,F9,50,
153,,,F10,50,
153,,,F11,50,
153,,,F12,50,
153,,,F13,50,
153,,,F14,50,
153,,,F15,50,
153,,,F16,50,
153,,,F17,50,
153,,,F18,50,
153,,,F19,50,
153,,,F20,50,
153,,,F21,50,
153,,,F22,50,
153,,,F23,50,
153,,,F24,50,
153,,,G1,45,
153,,,G2,50,
153,,,G3,50,
153,,,G4,50,
153,,,G5,50,
153,,,G6,50,
153,,,G7,50,
153,,,G8,50,
153,,,G9,50,
153,,,G10,50,
153,,,G11,50,
153,,,G12,50,
153,,,G13,50,
153,,,G14,50,
153,,,G15,50,
153,,,G16,50,
153,,,G17,50,
153,,,G18,50,
153,,,G19,50,
153,,,G20,50,
153,,,G21,50,
153,,,G22,50,
153,,,G23,50,
153,,,G24,50,
153,,,H1,45,
153,,,H2,50,
153,,,H3,50,
153,,,H4,50,
153,,,H5,50,
153,,,H6,50,
153,,,H7,50,
153,,,H8,50,
153,,,H9,50,
153,,,H10,50,
153,,,H11,50,
153,,,H12,50,
153,,,H13,50,
153,,,H14,50,
153,,,H15,50,
153,,,H16,50,
153,,,H17,50,
153,,,H18,50,
153,,,H19,50,
153,,,H20,50,
153,,,H21,50,
153,,,H22,50,
153,,,H23,50,
153,,,H24,50,
153,,,I1,45,
153,,,I2,50,
153,,,I3,50,
153,,,I4,50,
153,,,I5,50,
153,,,I6,50,
153,,,I7,50,
153,,,I8,50,
153,,,I9,50,
153,,,I10,50,
153,,,I11,50,
153,,,I12,50,
153,,,I13,50,
153,,,I14,50,
153,,,I15,50,
153,,,I16,50,
153,,,I17,50,
153,,,I18,50,
153,,,I19,50,
153,,,I20,50,
153,,,I21,50,
153,,,I22,50,
153,,,I23,50,
153,,,I24,50,
153,,,J1,45,
153,,,J2,50,
153,,,J3,50,
153,,,J4,50,
153,,,J5,50,
153,,,J6,50,
153,,,J7,50,
153,,,J8,50,
153,,,J9,50,
153,,,J10,50,
153,,,J11,50,
153,,,J12,50,
153,,,J13,50,
153,,,J14,50,
153,,,J15,50,
153,,,J16,50,
153,,,J17,50,
153,,,J18,50,
153,,,J19,50,
153,,,J20,50,
153,,,J21,50,
153,,,J22,50,
153,,,J23,50,
153,,,J24,50,
153,,,K1,45,
153,,,K2,50,
153,,,K3,50,
153,,,K4,50,
153,,,K5,50,
153,,,K6,50,
153,,,K7,50,
153,,,K8,50,
153,,,K9,50,
153,,,K10,50,
153,,,K11,50,
153,,,K12,50,
153,,,K13,50,
153,,,K14,50,
153,,,K15,50,
153,,,K16,50,
153,,,K17,50,
153,,,K18,50,
153,,,K19,50,
153,,,K20,50,
153,,,K21,50,
153,,,K22,50,
153,,,K23,50,
153,,,K24,50,
153,,,L1,45,
153,,,L2,50,
153,,,L3,50,
153,,,L4,50,
153,,,L5,50,
153,,,L6,50,
153,,,L7,50,
153,,,L8,50,
153,,,L9,50,
153,,,L10,50,
153,,,L11,50,
153,,,L12,50,
153,,,L13,50,
153,,,L14,50,
153,,,L15,50,
153,,,L16,50,
153,,,L17,50,
153,,,L18,50,
153,,,L19,50,
153,,,L20,50,
153,,,L21,50,
153,,,L22,50,
153,,,L23,50,
153,,,L24,50,
153,,,M1,45,
153,,,M2,50,
153,,,M3,50,
153,,,M4,50,
153,,,M5,50,
153,,,M6,50,
153,,,M7,50,
153,,,M8,50,
153,,,M9,50,
153,,,M10,50,
153,,,M11,50,
153,,,M12,50,
153,,,M13,50,
153,,,M14,50,
153,,,M15,50,
153,,,M16,50,
153,,,M17,50,
153,,,M18,50,
153,,,M19,50,
153,,,M20,50,
153,,,M21,50,
153,,,M22,50,
153,,,M23,50,
153,,,M24,50,
153,,,N1,45,
153,,,N2,50,
153,,,N3,50,
153,,,N4,50,
153,,,N5,50,
153,,,N6,50,
153,,,N7,50,
153,,,N8,50,
153,,,N9,50,
153,,,N10,50,
153,,,N11,50,
153,,,N12,50,
153,,,N13,50,
153,,,N14,50,
153,,,N15,50,
153,,,N16,50,
153,,,N17,50,
153,,,N18,50,
153,,,N19,50,
153,,,N20,50,
153,,,N21,50,
153,,,N22,50,
153,,,N23,50,
153,,,N24,50,
153,,,O1,45,
153,,,O2,50,
153,,,O3,50,
153,,,O4,50,
153,,,O5,50,
153,,,O6,50,
153,,,O7,50,
153,,,O8,50,
153,,,O9,50,
153,,,O10,50,
153,,,O11,50,
153,,,O12,50,
153,,,O13,50,
153,,,O14,50,
153,,,O15,50,
153,,,O16,50,
153,,,O17,50,
153,,,O18,50,
153,,,O19,50,
153,,,O20,50,
153,,,O21,50,
153,,,O22,50,
153,,,O23,50,
153,,,O24,50,
153,,,P1,45,
153,,,P2,50,
153,,,P3,50,
153,,,P4,50,
153,,,P5,50,
153,,,P6,50,
153,,,P7,50,
153,,,P8,50,
153,,,P9,50,
153,,,P10,50,
153,,,P11,50,
153,,,P12,50,
153,,,P13,50,
153,,,P14,50,
153,,,P15,50,
153,,,P16,50,
153,,,P17,50,
153,,,P18,50,
153,,,P19,50,
153,,,P20,50,
153,,,P21,50,
153,,,P22,50,
153,,,P23,50,
153,,,P24,50,
154,,,A1,0,
155,,,A1,45,
155,,,A2,50,
155,,,A3,50,
155,,,A4,50,
155,,,A5,50,
155,,,A6,50,
155,,,A7,50,
155,,,A8,50,
155,,,A9,50,
155,,,A10,50,
155,,,A11,50,
155,,,A12,50,
155,,,A13,50,
155,,,A14,50,
155,,,A15,50,
155,,,A16,50,
155,,,A17,50,
155,,,A18,50,
155,,,A19,50,
155,,,A20,50,
155,,,A21,50,
155,,,A22,50,
155,,,A23,50,
155,,,A24,50,
155,,,B1,45,
155,,,B2,50,
155,,,B3,50,
155,,,B4,50,
155,,,B5,50,
155,,,B6,50,
155,,,B7,50,
155,,,B8,50,
155,,,B9,50,
155,,,B10,50,
155,,,B11,50,
155,,,B12,50,
155,,,B13,50,
155,,,B14,50,
155,,,B15,50,
155,,,B16,50,
155,,,B17,50,
155,,,B18,50,
155,,,B19,50,
155,,,B20,50,
155,,,B21,50,
155,,,B22,50,
155,,,B23,50,
155,,,B24,50,
155,,,C1,45,
155,,,C2,50,
155,,,C3,50,
155,,,C4,50,
155,,,C5,50,
155,,,C6,50,
155,,,C7,50,
155,,,C8,50,
155,,,C9,50,
155,,,C10,50,
155,,,C11,50,
155,,,C12,50,
155,,,C13,50,
155,,,C14,50,
155,,,C15,50,
155,,,C16,50,
155,,,C17,50,
155,,,C18,50,
155,,,C19,50,
155,,,C20,50,
155,,,C21,50,
155,,,C22,50,
155,,,C23,50,
155,,,C24,50,
155,,,D1,45,
155,,,D2,50,
155,,,D3,50,
155,,,D4,50,
155,,,D5,50,
155,,,D6,50,
155,,,D7,50,
155,,,D8,50,
155,,,D9,50,
155,,,D10,50,
155,,,D11,50,
155,,,D12,50,
155,,,D13,50,
155,,,D14,50,
155,,,D15,50,
155,,,D16,50,
155,,,D17,50,
155,,,D18,50,
155,,,D19,50,
155,,,D20,50,
155,,,D21,50,
155,,,D22,50,
155,,,D23,50,
155,,,D24,50,
155,,,E1,45,
155,,,E2,50,
155,,,E3,50,
155,,,E4,50,
155,,,E5,50,
155,,,E6,50,
155,,,E7,50,
155,,,E8,50,
155,,,E9,50,
155,,,E10,50,
155,,,E11,50,
155,,,E12,50,
155,,,E13,50,
155,,,E14,50,
155,,,E15,50,
155,,,E16,50,
155,,,E17,50,
155,,,E18,50,
155,,,E19,50,
155,,,E20,50,
155,,,E21,50,
155,,,E22,50,
155,,,E23,50,
155,,,E24,50,
155,,,F1,45,
155,,,F2,50,
155,,,F3,50,
155,,,F4,50,
155,,,F5,50,
155,,,F6,50,
155,,,F7,50,
155,,,F8,50,
155,,,F9,50,
155,,,F10,50,
155,,,F11,50,
155,,,F12,50,
155,,,F13,50,
155,,,F14,50,
155,,,F15,50,
155,,,F16,50,
155,,,F17,50,
155,,,F18,50,
155,,,F19,50,
155,,,F20,50,
155,,,F21,50,
155,,,F22,50,
155,,,F23,50,
155,,,F24,50,
155,,,G1,45,
155,,,G2,50,
155,,,G3,50,
155,,,G4,50,
155,,,G5,50,
155,,,G6,50,
155,,,G7,50,
155,,,G8,50,
155,,,G9,50,
155,,,G10,50,
155,,,G11,50,
155,,,G12,50,
155,,,G13,50,
155,,,G14,50,
155,,,G15,50,
155,,,G16,50,
155,,,G17,50,
155,,,G18,50,
155,,,G19,50,
155,,,G20,50,
155,,,G21,50,
155,,,G22,50,
155,,,G23,50,
155,,,G24,50,
155,,,H1,45,
155,,,H2,50,
155,,,H3,50,
155,,,H4,50,
155,,,H5,50,
155,,,H6,50,
155,,,H7,50,
155,,,H8,50,
155,,,H9,50,
155,,,H10,50,
155,,,H11,50,
155,,,H12,50,
155,,,H13,50,
155,,,H14,50,
155,,,H15,50,
155,,,H16,50,
155,,,H17,50,
155,,,H18,50,
155,,,H19,50,
155,,,H20,50,
155,,,H21,50,
155,,,H22,50,
155,,,H23,50,
155,,,H24,50,
155,,,I1,45,
155,,,I2,50,
155,,,I3,50,
155,,,I4,50,
155,,,I5,50,
155,,,I6,50,
155,,,I7,50,
155,,,I8,50,
155,,,I9,50,
155,,,I10,50,
155,,,I11,50,
155,,,I12,50,
155,,,I13,50,
155,,,I14,50,
155,,,I15,50,
155,,,I16,50,
155,,,I17,50,
155,,,I18,50,
155,,,I19,50,
155,,,I20,50,
155,,,I21,50,
155,,,I22,50,
155,,,I23,50,
155,,,I24,50,
155,,,J1,45,
155,,,J2,50,
155,,,J3,50,
155,,,J4,50,
155,,,J5,50,
155,,,J6,50,
155,,,J7,50,
155,,,J8,50,
155,,,J9,50,
155,,,J10,50,
155,,,J11,50,
155,,,J12,50,
155,,,J13,50,
155,,,J14,50,
155,,,J15,50,
155,,,J16,50,
155,,,J17,50,
155,,,J18,50,
155,,,J19,50,
155,,,J20,50,
155,,,J21,50,
155,,,J22,50,
155,,,J23,50,
155,,,J24,50,
155,,,K1,45,
155,,,K2,50,
155,,,K3,50,
155,,,K4,50,
155,,,K5,50,
155,,,K6,50,
155,,,K7,50,
155,,,K8,50,
155,,,K9,50,
155,,,K10,50,
155,,,K11,50,
155,,,K12,50,
155,,,K13,50,
155,,,K14,50,
155,,,K15,50,
155,,,K16,50,
155,,,K17,50,
155,,,K18,50,
155,,,K19,50,
155,,,K20,50,
155,,,K21,50,
155,,,K22,50,
155,,,K23,50,
155,,,K24,50,
155,,,L1,45,
155,,,L2,50,
155,,,L3,50,
155,,,L4,50,
155,,,L5,50,
155,,,L6,50,
155,,,L7,50,
155,,,L8,50,
155,,,L9,50,
155,,,L10,50,
155,,,L11,50,
155,,,L12,50,
155,,,L13,50,
155,,,L14,50,
155,,,L15,50,
155,,,L16,50,
155,,,L17,50,
155,,,L18,50,
155,,,L19,50,
155,,,L20,50,
155,,,L21,50,
155,,,L22,50,
155,,,L23,50,
155,,,L24,50,
155,,,M1,45,
155,,,M2,50,
155,,,M3,50,
155,,,M4,50,
155,,,M5,50,
155,,,M6,50,
155,,,M7,50,
155,,,M8,50,
155,,,M9,50,
155,,,M10,50,
155,,,M11,50,
155,,,M12,50,
155,,,M13,50,
155,,,M14,50,
155,,,M15,50,
155,,,M16,50,
155,,,M17,50,
155,,,M18,50,
155,,,M19,50,
155,,,M20,50,
155,,,M21,50,
155,,,M22,50,
155,,,M23,50,
155,,,M24,50,
155,,,N1,45,
155,,,N2,50,
155,,,N3,50,
155,,,N4,50,
155,,,N5,50,
155,,,N6,50,
155,,,N7,50,
155,,,N8,50,
155,,,N9,50,
155,,,N10,50,
155,,,N11,50,
155,,,N12,50,
155,,,N13,50,
155,,,N14,50,
155,,,N15,50,
155,,,N16,50,
155,,,N17,50,
155,,,N18,50,
155,,,N19,50,
155,,,N20,50,
155,,,N21,50,
155,,,N22,50,
155,,,N23,50,
155,,,N24,50,
155,,,O1,45,
155,,,O2,50,
155,,,O3,50,
155,,,O4,50,
155,,,O5,50,
155,,,O6,50,
155,,,O7,50,
155,,,O8,50,
155,,,O9,50,
155,,,O10,50,
155,,,O11,50,
155,,,O12,50,
155,,,O13,50,
155,,,O14,50,
155,,,O15,50,
155,,,O16,50,
155,,,O17,50,
155,,,O18,50,
155,,,O19,50,
155,,,O20,50,
155,,,O21,50,
155,,,O22,50,
155,,,O23,50,
155,,,O24,50,
155,,,P1,45,
155,,,P2,50,
155,,,P3,50,
155,,,P4,50,
155,,,P5,50,
155,,,P6,50,
155,,,P7,50,
155,,,P8,50,
155,,,P9,50,
155,,,P10,50,
155,,,P11,50,
155,,,P12,50,
155,,,P13,50,
155,,,P14,50,
155,,,P15,50,
155,,,P16,50,
155,,,P17,50,
155,,,P18,50,
155,,,P19,50,
155,,,P20,50,
155,,,P21,50,
155,,,P22,50,
155,,,P23,50,
155,,,P24,50,
156,,,A1,0,
157,,,A1,50,
157,,,A2,50,
157,,,A3,50,
157,,,A4,50,
157,,,A5,50,
157,,,A6,50,
157,,,A7,50,
157,,,A8,50,
157,,,A9,50,
157,,,A10,50,
157,,,A11,50,
157,,,A12,50,
157,,,A13,50,
157,,,A14,50,
157,,,A15,50,
157,,,A16,50,
157,,,A17,50,
157,,,A18,50,
157,,,A19,50,
157,,,A20,50,
157,,,A21,50,
157,,,A22,50,
157,,,A23,50,
157,,,A24,50,
157,,,B1,50,
157,,,B2,50,
157,,,B3,50,
157,,,B4,50,
157,,,B5,50,
157,,,B6,50,
157,,,B7,50,
157,,,B8,50,
157,,,B9,50,
157,,,B10,50,
157,,,B11,50,
157,,,B12,50,
157,,,B13,50,
157,,,B14,50,
157,,,B15,50,
157,,,B16,50,
157,,,B17,50,
157,,,B18,50,
157,,,B19,50,
157,,,B20,50,
157,,,B21,50,
157,,,B22,50,
157,,,B23,50,
157,,,B24,50,
157,,,C1,50,
157,,,C2,50,
157,,,C3,50,
157,,,C4,50,
157,,,C5,50,
157,,,C6,50,
157,,,C7,50,
157,,,C8,50,
157,,,C9,50,
157,,,C10,50,
157,,,C11,50,
157,,,C12,50,
157,,,C13,50,
157,,,C14,50,
157,,,C15,50,
157,,,C16,50,
157,,,C17,50,
157,,,C18,50,
157,,,C19,50,
157,,,C20,50,
157,,,C21,50,
157,,,C22,50,
157,,,C23,50,
157,,,C24,50,
157,,,D1,50,
157,,,D2,50,
157,,,D3,50,
157,,,D4,50,
157,,,D5,50,
157,,,D6,50,
157,,,D7,50,
157,,,D8,50,
157,,,D9,50,
157,,,D10,50,
157,,,D11,50,
157,,,D12,50,
157,,,D13,50,
157,,,D14,50,
157,,,D15,50,
157,,,D16,50,
157,,,D17,50,
157,,,D18,50,
157,,,D19,50,
157,,,D20,50,
157,,,D21,50,
157,,,D22,50,
157,,,D23,50,
157,,,D24,50,
157,,,E1,50,
157,,,E2,50,
157,,,E3,50,
157,,,E4,50,
157,,,E5,50,
157,,,E6,50,
157,,,E7,50,
157,,,E8,50,
157,,,E9,50,
157,,,E10,50,
157,,,E11,50,
157,,,E12,50,
157,,,E13,50,
157,,,E14,50,
157,,,E15,50,
157,,,E16,50,
157,,,E17,50,
157,,,E18,50,
157,,,E19,50,
157,,,E20,50,
157,,,E21,50,
157,,,E22,50,
157,,,E23,50,
157,,,E24,50,
157,,,F1,50,
157,,,F2,50,
157,,,F3,50,
157,,,F4,50,
157,,,F5,50,
157,,,F6,50,
157,,,F7,50,
157,,,F8,50,
157,,,F9,50,
157,,,F10,50,
157,,,F11,50,
157,,,F12,50,
157,,,F13,50,
157,,,F14,50,
157,,,F15,50,
157,,,F16,50,
157,,,F17,50,
157,,,F18,50,
157,,,F19,50,
157,,,F20,50,
157,,,F21,50,
157,,,F22,50,
157,,,F23,50,
157,,,F24,50,
157,,,G1,50,
157,,,G2,50,
157,,,G3,50,
157,,,G4,50,
157,,,G5,50,
157,,,G6,50,
157,,,G7,50,
157,,,G8,50,
157,,,G9,50,
157,,,G10,50,
157,,,G11,50,
157,,,G12,50,
157,,,G13,50,
157,,,G14,50,
157,,,G15,50,
157,,,G16,50,
157,,,G17,50,
157,,,G18,50,
157,,,G19,50,
157,,,G20,50,
157,,,G21,50,
157,,,G22,50,
157,,,G23,50,
157,,,G24,50,
157,,,H1,50,
157,,,H2,50,
157,,,H3,50,
157,,,H4,50,
157,,,H5,50,
157,,,H6,50,
157,,,H7,50,
157,,,H8,50,
157,,,H9,50,
157,,,H10,50,
157,,,H11,50,
157,,,H12,50,
157,,,H13,50,
157,,,H14,50,
157,,,H15,50,
157,,,H16,50,
157,,,H17,50,
157,,,H18,50,
157,,,H19,50,
157,,,H20,50,
157,,,H21,50,
157,,,H22,50,
157,,,H23,50,
157,,,H24,50,
157,,,I1,50,
157,,,I2,50,
157,,,I3,50,
157,,,I4,50,
157,,,I5,50,
157,,,I6,50,
157,,,I7,50,
157,,,I8,50,
157,,,I9,50,
157,,,I10,50,
157,,,I11,50,
157,,,I12,50,
157,,,I13,50,
157,,,I14,50,
157,,,I15,50,
157,,,I16,50,
157,,,I17,50,
157,,,I18,50,
157,,,I19,50,
157,,,I20,50,
157,,,I21,50,
157,,,I22,50,
157,,,I23,50,
157,,,I24,50,
157,,,J1,50,
157,,,J2,50,
157,,,J3,50,
157,,,J4,50,
157,,,J5,50,
157,,,J6,50,
157,,,J7,50,
157,,,J8,50,
157,,,J9,50,
157,,,J10,50,
157,,,J11,50,
157,,,J12,50,
157,,,J13,50,
157,,,J14,50,
157,,,J15,50,
157,,,J16,50,
157,,,J17,50,
157,,,J18,50,
157,,,J19,50,
157,,,J20,50,
157,,,J21,50,
157,,,J22,50,
157,,,J23,50,
157,,,J24,50,
157,,,K1,50,
157,,,K2,50,
157,,,K3,50,
157,,,K4,50,
157,,,K5,50,
157,,,K6,50,
157,,,K7,50,
157,,,K8,50,
157,,,K9,50,
157,,,K10,50,
157,,,K11,50,
157,,,K12,50,
157,,,K13,50,
157,,,K14,50,
157,,,K15,50,
157,,,K16,50,
157,,,K17,50,
157,,,K18,50,
157,,,K19,50,
157,,,K20,50,
157,,,K21,50,
157,,,K22,50,
157,,,K23,50,
157,,,K24,50,
157,,,L1,50,
157,,,L2,50,
157,,,L3,50,
157,,,L4,50,
157,,,L5,50,
157,,,L6,50,
157,,,L7,50,
157,,,L8,50,
157,,,L9,50,
157,,,L10,50,
157,,,L11,50,
157,,,L12,50,
157,,,L13,50,
157,,,L14,50,
157,,,L15,50,
157,,,L16,50,
157,,,L17,50,
157,,,L18,50,
157,,,L19,50,
157,,,L20,50,
157,,,L21,50,
157,,,L22,50,
157,,,L23,50,
157,,,L24,50,
157,,,M1,50,
157,,,M2,50,
157,,,M3,50,
157,,,M4,50,
157,,,M5,50,
157,,,M6,50,
157,,,M7,50,
157,,,M8,50,
157,,,M9,50,
157,,,M10,50,
157,,,M11,50,
157,,,M12,50,
157,,,M13,50,
157,,,M14,50,
157,,,M15,50,
157,,,M16,50,
157,,,M17,50,
157,,,M18,50,
157,,,M19,50,
157,,,M20,50,
157,,,M21,50,
157,,,M22,50,
157,,,M23,50,
157,,,M24,50,
157,,,N1,50,
157,,,N2,50,
157,,,N3,50,
157,,,N4,50,
157,,,N5,50,
157,,,N6,50,
157,,,N7,50,
157,,,N8,50,
157,,,N9,50,
157,,,N10,50,
157,,,N11,50,
157,,,N12,50,
157,,,N13,50,
157,,,N14,50,
157,,,N15,50,
157,,,N16,50,
157,,,N17,50,
157,,,N18,50,
157,,,N19,50,
157,,,N20,50,
157,,,N21,50,
157,,,N22,50,
157,,,N23,50,
157,,,N24,50,
157,,,O1,50,
157,,,O2,50,
157,,,O3,50,
157,,,O4,50,
157,,,O5,50,
157,,,O6,50,
157,,,O7,50,
157,,,O8,50,
157,,,O9,50,
157,,,O10,50,
157,,,O11,50,
157,,,O12,50,
157,,,O13,50,
157,,,O14,50,
157,,,O15,50,
157,,,O16,50,
157,,,O17,50,
157,,,O18,50,
157,,,O19,50,
157,,,O20,50,
157,,,O21,50,
157,,,O22,50,
157,,,O23,50,
157,,,O24,50,
157,,,P1,50,
157,,,P2,50,
157,,,P3,50,
157,,,P4,50,
157,,,P5,50,
157,,,P6,50,
157,,,P7,50,
157,,,P8,50,
157,,,P9,50,
157,,,P10,50,
157,,,P11,50,
157,,,P12,50,
157,,,P13,50,
157,,,P14,50,
157,,,P15,50,
157,,,P16,50,
157,,,P17,50,
157,,,P18,50,
157,,,P19,50,
157,,,P20,50,
157,,,P21,50,
157,,,P22,50,
157,,,P23,50,
157,,,P24,50,
158,,,A1,0,
159,,,A1,50,
159,,,A2,50,
159,,,A3,50,
159,,,A4,50,
159,,,A5,50,
159,,,A6,50,
159,,,A7,50,
159,,,A8,50,
159,,,A9,50,
159,,,A10,50,
159,,,A11,50,
159,,,A12,50,
159,,,A13,50,
159,,,A14,50,
159,,,A15,50,
159,,,A16,50,
159,,,A17,50,
159,,,A18,50,
159,,,A19,50,
159,,,A20,50,
159,,,A21,50,
159,,,A22,50,
159,,,A23,50,
159,,,A24,50,
159,,,B1,50,
159,,,B2,50,
159,,,B3,50,
159,,,B4,50,
159,,,B5,50,
159,,,B6,50,
159,,,B7,50,
159,,,B8,50,
159,,,B9,50,
159,,,B10,50,
159,,,B11,50,
159,,,B12,50,
159,,,B13,50,
159,,,B14,50,
159,,,B15,50,
159,,,B16,50,
159,,,B17,50,
159,,,B18,50,
159,,,B19,50,
159,,,B20,50,
159,,,B21,50,
159,,,B22,50,
159,,,B23,50,
159,,,B24,50,
159,,,C1,50,
159,,,C2,50,
159,,,C3,50,
159,,,C4,50,
159,,,C5,50,
159,,,C6,50,
159,,,C7,50,
159,,,C8,50,
159,,,C9,50,
159,,,C10,50,
159,,,C11,50,
159,,,C12,50,
159,,,C13,50,
159,,,C14,50,
159,,,C15,50,
159,,,C16,50,
159,,,C17,50,
159,,,C18,50,
159,,,C19,50,
159,,,C20,50,
159,,,C21,50,
159,,,C22,50,
159,,,C23,50,
159,,,C24,50,
159,,,D1,50,
159,,,D2,50,
159,,,D3,50,
159,,,D4,50,
159,,,D5,50,
159,,,D6,50,
159,,,D7,50,
159,,,D8,50,
159,,,D9,50,
159,,,D10,50,
159,,,D11,50,
159,,,D12,50,
159,,,D13,50,
159,,,D14,50,
159,,,D15,50,
159,,,D16,50,
159,,,D17,50,
159,,,D18,50,
159,,,D19,50,
159,,,D20,50,
159,,,D21,50,
159,,,D22,50,
159,,,D23,50,
159,,,D24,50,
159,,,E1,50,
159,,,E2,50,
159,,,E3,50,
159,,,E4,50,
159,,,E5,50,
159,,,E6,50,
159,,,E7,50,
159,,,E8,50,
159,,,E9,50,
159,,,E10,50,
159,,,E11,50,
159,,,E12,50,
159,,,E13,50,
159,,,E14,50,
159,,,E15,50,
159,,,E16,50,
159,,,E17,50,
159,,,E18,50,
159,,,E19,50,
159,,,E20,50,
159,,,E21,50,
159,,,E22,50,
159,,,E23,50,
159,,,E24,50,
159,,,F1,50,
159,,,F2,50,
159,,,F3,50,
159,,,F4,50,
159,,,F5,50,
159,,,F6,50,
159,,,F7,50,
159,,,F8,50,
159,,,F9,50,
159,,,F10,50,
159,,,F11,50,
159,,,F12,50,
159,,,F13,50,
159,,,F14,50,
159,,,F15,50,
159,,,F16,50,
159,,,F17,50,
159,,,F18,50,
159,,,F19,50,
159,,,F20,50,
159,,,F21,50,
159,,,F22,50,
159,,,F23,50,
159,,,F24,50,
159,,,G1,50,
159,,,G2,50,
159,,,G3,50,
159,,,G4,50,
159,,,G5,50,
159,,,G6,50,
159,,,G7,50,
159,,,G8,50,
159,,,G9,50,
159,,,G10,50,
159,,,G11,50,
159,,,G12,50,
159,,,G13,50,
159,,,G14,50,
159,,,G15,50,
159,,,G16,50,
159,,,G17,50,
159,,,G18,50,
159,,,G19,50,
159,,,G20,50,
159,,,G21,50,
159,,,G22,50,
159,,,G23,50,
159,,,G24,50,
159,,,H1,50,
159,,,H2,50,
159,,,H3,50,
159,,,H4,50,
159,,,H5,50,
159,,,H6,50,
159,,,H7,50,
159,,,H8,50,
159,,,H9,50,
159,,,H10,50,
159,,,H11,50,
159,,,H12,50,
159,,,H13,50,
159,,,H14,50,
159,,,H15,50,
159,,,H16,50,
159,,,H17,50,
159,,,H18,50,
159,,,H19,50,
159,,,H20,50,
159,,,H21,50,
159,,,H22,50,
159,,,H23,50,
159,,,H24,50,
159,,,I1,50,
159,,,I2,50,
159,,,I3,50,
159,,,I4,50,
159,,,I5,50,
159,,,I6,50,
159,,,I7,50,
159,,,I8,50,
159,,,I9,50,
159,,,I10,50,
159,,,I11,50,
159,,,I12,50,
159,,,I13,50,
159,,,I14,50,
159,,,I15,50,
159,,,I16,50,
159,,,I17,50,
159,,,I18,50,
159,,,I19,50,
159,,,I20,50,
159,,,I21,50,
159,,,I22,50,
159,,,I23,50,
159,,,I24,50,
159,,,J1,50,
159,,,J2,50,
159,,,J3,50,
159,,,J4,50,
159,,,J5,50,
159,,,J6,50,
159,,,J7,50,
159,,,J8,50,
159,,,J9,50,
159,,,J10,50,
159,,,J11,50,
159,,,J12,50,
159,,,J13,50,
159,,,J14,50,
159,,,J15,50,
159,,,J16,50,
159,,,J17,50,
159,,,J18,50,
159,,,J19,50,
159,,,J20,50,
159,,,J21,50,
159,,,J22,50,
159,,,J23,50,
159,,,J24,50,
159,,,K1,50,
159,,,K2,50,
159,,,K3,50,
159,,,K4,50,
159,,,K5,50,
159,,,K6,50,
159,,,K7,50,
159,,,K8,50,
159,,,K9,50,
159,,,K10,50,
159,,,K11,50,
159,,,K12,50,
159,,,K13,50,
159,,,K14,50,
159,,,K15,50,
159,,,K16,50,
159,,,K17,50,
159,,,K18,50,
159,,,K19,50,
159,,,K20,50,
159,,,K21,50,
159,,,K22,50,
159,,,K23,50,
159,,,K24,50,
159,,,L1,50,
159,,,L2,50,
159,,,L3,50,
159,,,L4,50,
159,,,L5,50,
159,,,L6,50,
159,,,L7,50,
159,,,L8,50,
159,,,L9,50,
159,,,L10,50,
159,,,L11,50,
159,,,L12,50,
159,,,L13,50,
159,,,L14,50,
159,,,L15,50,
159,,,L16,50,
159,,,L17,50,
159,,,L18,50,
159,,,L19,50,
159,,,L20,50,
159,,,L21,50,
159,,,L22,50,
159,,,L23,50,
159,,,L24,50,
159,,,M1,50,
159,,,M2,50,
159,,,M3,50,
159,,,M4,50,
159,,,M5,50,
159,,,M6,50,
159,,,M7,50,
159,,,M8,50,
159,,,M9,50,
159,,,M10,50,
159,,,M11,50,
159,,,M12,50,
159,,,M13,50,
159,,,M14,50,
159,,,M15,50,
159,,,M16,50,
159,,,M17,50,
159,,,M18,50,
159,,,M19,50,
159,,,M20,50,
159,,,M21,50,
159,,,M22,50,
159,,,M23,50,
159,,,M24,50,
159,,,N1,50,
159,,,N2,50,
159,,,N3,50,
159,,,N4,50,
159,,,N5,50,
159,,,N6,50,
159,,,N7,50,
159,,,N8,50,
159,,,N9,50,
159,,,N10,50,
159,,,N11,50,
159,,,N12,50,
159,,,N13,50,
159,,,N14,50,
159,,,N15,50,
159,,,N16,50,
159,,,N17,50,
159,,,N18,50,
159,,,N19,50,
159,,,N20,50,
159,,,N21,50,
159,,,N22,50,
159,,,N23,50,
159,,,N24,50,
159,,,O1,50,
159,,,O2,50,
159,,,O3,50,
159,,,O4,50,
159,,,O5,50,
159,,,O6,50,
159,,,O7,50,
159,,,O8,50,
159,,,O9,50,
159,,,O10,50,
159,,,O11,50,
159,,,O12,50,
159,,,O13,50,
159,,,O14,50,
159,,,O15,50,
159,,,O16,50,
159,,,O17,50,
159,,,O18,50,
159,,,O19,50,
159,,,O20,50,
159,,,O21,50,
159,,,O22,50,
159,,,O23,50,
159,,,O24,50,
159,,,P1,50,
159,,,P2,50,
159,,,P3,50,
159,,,P4,50,
159,,,P5,50,
159,,,P6,50,
159,,,P7,50,
159,,,P8,50,
159,,,P9,50,
159,,,P10,50,
159,,,P11,50,
159,,,P12,50,
159,,,P13,50,
159,,,P14,50,
159,,,P15,50,
159,,,P16,50,
159,,,P17,50,
159,,,P18,50,
159,,,P19,50,
159,,,P20,50,
159,,,P21,50,
159,,,P22,50,
159,,,P23,50,
159,,,P24,50,
160,,,A1,0,
161,,,A1,50,
161,,,A2,50,
161,,,A3,50,
161,,,A4,50,
161,,,A5,50,
161,,,A6,50,
161,,,A7,50,
161,,,A8,50,
161,,,A9,50,
161,,,A10,50,
161,,,A11,50,
161,,,A12,50,
161,,,A13,50,
161,,,A14,50,
161,,,A15,50,
161,,,A16,50,
161,,,A17,50,
161,,,A18,50,
161,,,A19,50,
161,,,A20,50,
161,,,A21,50,
161,,,A22,50,
161,,,A23,50,
161,,,A24,50,
161,,,B1,50,
161,,,B2,50,
161,,,B3,50,
161,,,B4,50,
161,,,B5,50,
161,,,B6,50,
161,,,B7,50,
161,,,B8,50,
161,,,B9,50,
161,,,B10,50,
161,,,B11,50,
161,,,B12,50,
161,,,B13,50,
161,,,B14,50,
161,,,B15,50,
161,,,B16,50,
161,,,B17,50,
161,,,B18,50,
161,,,B19,50,
161,,,B20,50,
161,,,B21,50,
161,,,B22,50,
161,,,B23,50,
161,,,B24,50,
161,,,C1,50,
161,,,C2,50,
161,,,C3,50,
161,,,C4,50,
161,,,C5,50,
161,,,C6,50,
161,,,C7,50,
161,,,C8,50,
161,,,C9,50,
161,,,C10,50,
161,,,C11,50,
161,,,C12,50,
161,,,C13,50,
161,,,C14,50,
161,,,C15,50,
161,,,C16,50,
161,,,C17,50,
161,,,C18,50,
161,,,C19,50,
161,,,C20,50,
161,,,C21,50,
161,,,C22,50,
161,,,C23,50,
161,,,C24,50,
161,,,D1,50,
161,,,D2,50,
161,,,D3,50,
161,,,D4,50,
161,,,D5,50,
161,,,D6,50,
161,,,D7,50,
161,,,D8,50,
161,,,D9,50,
161,,,D10,50,
161,,,D11,50,
161,,,D12,50,
161,,,D13,50,
161,,,D14,50,
161,,,D15,50,
161,,,D16,50,
161,,,D17,50,
161,,,D18,50,
161,,,D19,50,
161,,,D20,50,
161,,,D21,50,
161,,,D22,50,
161,,,D23,50,
161,,,D24,50,
161,,,E1,50,
161,,,E2,50,
161,,,E3,50,
161,,,E4,50,
161,,,E5,50,
161,,,E6,50,
161,,,E7,50,
161,,,E8,50,
161,,,E9,50,
161,,,E10,50,
161,,,E11,50,
161,,,E12,50,
161,,,E13,50,
161,,,E14,50,
161,,,E15,50,
161,,,E16,50,
161,,,E17,50,
161,,,E18,50,
161,,,E19,50,
161,,,E20,50,
161,,,E21,50,
161,,,E22,50,
161,,,E23,50,
161,,,E24,50,
161,,,F1,50,
161,,,F2,50,
161,,,F3,50,
161,,,F4,50,
161,,,F5,50,
161,,,F6,50,
161,,,F7,50,
161,,,F8,50,
161,,,F9,50,
161,,,F10,50,
161,,,F11,50,
161,,,F12,50,
161,,,F13,50,
161,,,F14,50,
161,,,F15,50,
161,,,F16,50,
161,,,F17,50,
161,,,F18,50,
161,,,F19,50,
161,,,F20,50,
161,,,F21,50,
161,,,F22,50,
161,,,F23,50,
161,,,F24,50,
161,,,G1,50,
161,,,G2,50,
161,,,G3,50,
161,,,G4,50,
161,,,G5,50,
161,,,G6,50,
161,,,G7,50,
161,,,G8,50,
161,,,G9,50,
161,,,G10,50,
161,,,G11,50,
161,,,G12,50,
161,,,G13,50,
161,,,G14,50,
161,,,G15,50,
161,,,G16,50,
161,,,G17,50,
161,,,G18,50,
161,,,G19,50,
161,,,G20,50,
161,,,G21,50,
161,,,G22,50,
161,,,G23,50,
161,,,G24,50,
161,,,H1,50,
161,,,H2,50,
161,,,H3,50,
161,,,H4,50,
161,,,H5,50,
161,,,H6,50,
161,,,H7,50,
161,,,H8,50,
161,,,H9,50,
161,,,H10,50,
161,,,H11,50,
161,,,H12,50,
161,,,H13,50,
161,,,H14,50,
161,,,H15,50,
161,,,H16,50,
161,,,H17,50,
161,,,H18,50,
161,,,H19,50,
161,,,H20,50,
161,,,H21,50,
161,,,H22,50,
161,,,H23,50,
161,,,H24,50,
161,,,I1,50,
161,,,I2,50,
161,,,I3,50,
161,,,I4,50,
161,,,I5,50,
161,,,I6,50,
161,,,I7,50,
161,,,I8,50,
161,,,I9,50,
161,,,I10,50,
161,,,I11,50,
161,,,I12,50,
161,,,I13,50,
161,,,I14,50,
161,,,I15,50,
161,,,I16,50,
161,,,I17,50,
161,,,I18,50,
161,,,I19,50,
161,,,I20,50,
161,,,I21,50,
161,,,I22,50,
161,,,I23,50,
161,,,I24,50,
161,,,J1,50,
161,,,J2,50,
161,,,J3,50,
161,,,J4,50,
161,,,J5,50,
161,,,J6,50,
161,,,J7,50,
161,,,J8,50,
161,,,J9,50,
161,,,J10,50,
161,,,J11,50,
161,,,J12,50,
161,,,J13,50,
161,,,J14,50,
161,,,J15,50,
161,,,J16,50,
161,,,J17,50,
161,,,J18,50,
161,,,J19,50,
161,,,J20,50,
161,,,J21,50,
161,,,J22,50,
161,,,J23,50,
161,,,J24,50,
161,,,K1,50,
161,,,K2,50,
161,,,K3,50,
161,,,K4,50,
161,,,K5,50,
161,,,K6,50,
161,,,K7,50,
161,,,K8,50,
161,,,K9,50,
161,,,K10,50,
161,,,K11,50,
161,,,K12,50,
161,,,K13,50,
161,,,K14,50,
161,,,K15,50,
161,,,K16,50,
161,,,K17,50,
161,,,K18,50,
161,,,K19,50,
161,,,K20,50,
161,,,K21,50,
161,,,K22,50,
161,,,K23,50,
161,,,K24,50,
161,,,L1,50,
161,,,L2,50,
161,,,L3,50,
161,,,L4,50,
161,,,L5,50,
161,,,L6,50,
161,,,L7,50,
161,,,L8,50,
161,,,L9,50,
161,,,L10,50,
161,,,L11,50,
161,,,L12,50,
161,,,L13,50,
161,,,L14,50,
161,,,L15,50,
161,,,L16,50,
161,,,L17,50,
161,,,L18,50,
161,,,L19,50,
161,,,L20,50,
161,,,L21,50,
161,,,L22,50,
161,,,L23,50,
161,,,L24,50,
161,,,M1,50,
161,,,M2,50,
161,,,M3,50,
161,,,M4,50,
161,,,M5,50,
161,,,M6,50,
161,,,M7,50,
161,,,M8,50,
161,,,M9,50,
161,,,M10,50,
161,,,M11,50,
161,,,M12,50,
161,,,M13,50,
161,,,M14,50,
161,,,M15,50,
161,,,M16,50,
161,,,M17,50,
161,,,M18,50,
161,,,M19,50,
161,,,M20,50,
161,,,M21,50,
161,,,M22,50,
161,,,M23,50,
161,,,M24,50,
161,,,N1,50,
161,,,N2,50,
161,,,N3,50,
161,,,N4,50,
161,,,N5,50,
161,,,N6,50,
161,,,N7,50,
161,,,N8,50,
161,,,N9,50,
161,,,N10,50,
161,,,N11,50,
161,,,N12,50,
161,,,N13,50,
161,,,N14,50,
161,,,N15,50,
161,,,N16,50,
161,,,N17,50,
161,,,N18,50,
161,,,N19,50,
161,,,N20,50,
161,,,N21,50,
161,,,N22,50,
161,,,N23,50,
161,,,N24,50,
161,,,O1,50,
161,,,O2,50,
161,,,O3,50,
161,,,O4,50,
161,,,O5,50,
161,,,O6,50,
161,,,O7,50,
161,,,O8,50,
161,,,O9,50,
161,,,O10,50,
161,,,O11,50,
161,,,O12,50,
161,,,O13,50,
161,,,O14,50,
161,,,O15,50,
161,,,O16,50,
161,,,O17,50,
161,,,O18,50,
161,,,O19,50,
161,,,O20,50,
161,,,O21,50,
161,,,O22,50,
161,,,O23,50,
161,,,O24,50,
161,,,P1,50,
161,,,P2,50,
161,,,P3,50,
161,,,P4,50,
161,,,P5,50,
161,,,P6,50,
161,,,P7,50,
161,,,P8,50,
161,,,P9,50,
161,,,P10,50,
161,,,P11,50,
161,,,P12,50,
161,,,P13,50,
161,,,P14,50,
161,,,P15,50,
161,,,P16,50,
161,,,P17,50,
161,,,P18,50,
161,,,P19,50,
161,,,P20,50,
161,,,P21,50,
161,,,P22,50,
161,,,P23,50,
161,,,P24,50,
162,,,A1,0,
163,,,A1,50,
163,,,A2,50,
163,,,A3,50,
163,,,A4,50,
163,,,A5,50,
163,,,A6,50,
163,,,A7,50,
163,,,A8,50,
163,,,A9,50,
163,,,A10,50,
163,,,A11,50,
163,,,A12,50,
163,,,A13,50,
163,,,A14,50,
163,,,A15,50,
163,,,A16,50,
163,,,A17,50,
163,,,A18,50,
163,,,A19,50,
163,,,A20,50,
163,,,A21,50,
163,,,A22,50,
163,,,A23,50,
163,,,A24,50,
163,,,B1,50,
163,,,B2,50,
163,,,B3,50,
163,,,B4,50,
163,,,B5,50,
163,,,B6,50,
163,,,B7,50,
163,,,B8,50,
163,,,B9,50,
163,,,B10,50,
163,,,B11,50,
163,,,B12,50,
163,,,B13,50,
163,,,B14,50,
163,,,B15,50,
163,,,B16,50,
163,,,B17,50,
163,,,B18,50,
163,,,B19,50,
163,,,B20,50,
163,,,B21,50,
163,,,B22,50,
163,,,B23,50,
163,,,B24,50,
163,,,C1,50,
163,,,C2,50,
163,,,C3,50,
163,,,C4,50,
163,,,C5,50,
163,,,C6,50,
163,,,C7,50,
163,,,C8,50,
163,,,C9,50,
163,,,C10,50,
163,,,C11,50,
163,,,C12,50,
163,,,C13,50,
163,,,C14,50,
163,,,C15,50,
163,,,C16,50,
163,,,C17,50,
163,,,C18,50,
163,,,C19,50,
163,,,C20,50,
163,,,C21,50,
163,,,C22,50,
163,,,C23,50,
163,,,C24,50,
163,,,D1,50,
163,,,D2,50,
163,,,D3,50,
163,,,D4,50,
163,,,D5,50,
163,,,D6,50,
163,,,D7,50,
163,,,D8,50,
163,,,D9,50,
163,,,D10,50,
163,,,D11,50,
163,,,D12,50,
163,,,D13,50,
163,,,D14,50,
163,,,D15,50,
163,,,D16,50,
163,,,D17,50,
163,,,D18,50,
163,,,D19,50,
163,,,D20,50,
163,,,D21,50,
163,,,D22,50,
163,,,D23,50,
163,,,D24,50,
163,,,E1,50,
163,,,E2,50,
163,,,E3,50,
163,,,E4,50,
163,,,E5,50,
163,,,E6,50,
163,,,E7,50,
163,,,E8,50,
163,,,E9,50,
163,,,E10,50,
163,,,E11,50,
163,,,E12,50,
163,,,E13,50,
163,,,E14,50,
163,,,E15,50,
163,,,E16,50,
163,,,E17,50,
163,,,E18,50,
163,,,E19,50,
163,,,E20,50,
163,,,E21,50,
163,,,E22,50,
163,,,E23,50,
163,,,E24,50,
163,,,F1,50,
163,,,F2,50,
163,,,F3,50,
163,,,F4,50,
163,,,F5,50,
163,,,F6,50,
163,,,F7,50,
163,,,F8,50,
163,,,F9,50,
163,,,F10,50,
163,,,F11,50,
163,,,F12,50,
163,,,F13,50,
163,,,F14,50,
163,,,F15,50,
163,,,F16,50,
163,,,F17,50,
163,,,F18,50,
163,,,F19,50,
163,,,F20,50,
163,,,F21,50,
163,,,F22,50,
163,,,F23,50,
163,,,F24,50,
163,,,G1,50,
163,,,G2,50,
163,,,G3,50,
163,,,G4,50,
163,,,G5,50,
163,,,G6,50,
163,,,G7,50,
163,,,G8,50,
163,,,G9,50,
163,,,G10,50,
163,,,G11,50,
163,,,G12,50,
163,,,G13,50,
163,,,G14,50,
163,,,G15,50,
163,,,G16,50,
163,,,G17,50,
163,,,G18,50,
163,,,G19,50,
163,,,G20,50,
163,,,G21,50,
163,,,G22,50,
163,,,G23,50,
163,,,G24,50,
163,,,H1,50,
163,,,H2,50,
163,,,H3,50,
163,,,H4,50,
163,,,H5,50,
163,,,H6,50,
163,,,H7,50,
163,,,H8,50,
163,,,H9,50,
163,,,H10,50,
163,,,H11,50,
163,,,H12,50,
163,,,H13,50,
163,,,H14,50,
163,,,H15,50,
163,,,H16,50,
163,,,H17,50,
163,,,H18,50,
163,,,H19,50,
163,,,H20,50,
163,,,H21,50,
163,,,H22,50,
163,,,H23,50,
163,,,H24,50,
163,,,I1,50,
163,,,I2,50,
163,,,I3,50,
163,,,I4,50,
163,,,I5,50,
163,,,I6,50,
163,,,I7,50,
163,,,I8,50,
163,,,I9,50,
163,,,I10,50,
163,,,I11,50,
163,,,I12,50,
163,,,I13,50,
163,,,I14,50,
163,,,I15,50,
163,,,I16,50,
163,,,I17,50,
163,,,I18,50,
163,,,I19,50,
163,,,I20,50,
163,,,I21,50,
163,,,I22,50,
163,,,I23,50,
163,,,I24,50,
163,,,J1,50,
163,,,J2,50,
163,,,J3,50,
163,,,J4,50,
163,,,J5,50,
163,,,J6,50,
163,,,J7,50,
163,,,J8,50,
163,,,J9,50,
163,,,J10,50,
163,,,J11,50,
163,,,J12,50,
163,,,J13,50,
163,,,J14,50,
163,,,J15,50,
163,,,J16,50,
163,,,J17,50,
163,,,J18,50,
163,,,J19,50,
163,,,J20,50,
163,,,J21,50,
163,,,J22,50,
163,,,J23,50,
163,,,J24,50,
163,,,K1,50,
163,,,K2,50,
163,,,K3,50,
163,,,K4,50,
163,,,K5,50,
163,,,K6,50,
163,,,K7,50,
163,,,K8,50,
163,,,K9,50,
163,,,K10,50,
163,,,K11,50,
163,,,K12,50,
163,,,K13,50,
163,,,K14,50,
163,,,K15,50,
163,,,K16,50,
163,,,K17,50,
163,,,K18,50,
163,,,K19,50,
163,,,K20,50,
163,,,K21,50,
163,,,K22,50,
163,,,K23,50,
163,,,K24,50,
163,,,L1,50,
163,,,L2,50,
163,,,L3,50,
163,,,L4,50,
163,,,L5,50,
163,,,L6,50,
163,,,L7,50,
163,,,L8,50,
163,,,L9,50,
163,,,L10,50,
163,,,L11,50,
163,,,L12,50,
163,,,L13,50,
163,,,L14,50,
163,,,L15,50,
163,,,L16,50,
163,,,L17,50,
163,,,L18,50,
163,,,L19,50,
163,,,L20,50,
163,,,L21,50,
163,,,L22,50,
163,,,L23,50,
163,,,L24,50,
163,,,M1,50,
163,,,M2,50,
163,,,M3,50,
163,,,M4,50,
163,,,M5,50,
163,,,M6,50,
163,,,M7,50,
163,,,M8,50,
163,,,M9,50,
163,,,M10,50,
163,,,M11,50,
163,,,M12,50,
163,,,M13,50,
163,,,M14,50,
163,,,M15,50,
163,,,M16,50,
163,,,M17,50,
163,,,M18,50,
163,,,M19,50,
163,,,M20,50,
163,,,M21,50,
163,,,M22,50,
163,,,M23,50,
163,,,M24,50,
163,,,N1,50,
163,,,N2,50,
163,,,N3,50,
163,,,N4,50,
163,,,N5,50,
163,,,N6,50,
163,,,N7,50,
163,,,N8,50,
163,,,N9,50,
163,,,N10,50,
163,,,N11,50,
163,,,N12,50,
163,,,N13,50,
163,,,N14,50,
163,,,N15,50,
163,,,N16,50,
163,,,N17,50,
163,,,N18,50,
163,,,N19,50,
163,,,N20,50,
163,,,N21,50,
163,,,N22,50,
163,,,N23,50,
163,,,N24,50,
163,,,O1,50,
163,,,O2,50,
163,,,O3,50,
163,,,O4,50,
163,,,O5,50,
163,,,O6,50,
163,,,O7,50,
163,,,O8,50,
163,,,O9,50,
163,,,O10,50,
163,,,O11,50,
163,,,O12,50,
163,,,O13,50,
163,,,O14,50,
163,,,O15,50,
163,,,O16,50,
163,,,O17,50,
163,,,O18,50,
163,,,O19,50,
163,,,O20,50,
163,,,O21,50,
163,,,O22,50,
163,,,O23,50,
163,,,O24,50,
163,,,P1,50,
163,,,P2,50,
163,,,P3,50,
163,,,P4,50,
163,,,P5,50,
163,,,P6,50,
163,,,P7,50,
163,,,P8,50,
163,,,P9,50,
163,,,P10,50,
163,,,P11,50,
163,,,P12,50,
163,,,P13,50,
163,,,P14,50,
163,,,P15,50,
163,,,P16,50,
163,,,P17,50,
163,,,P18,50,
163,,,P19,50,
163,,,P20,50,
163,,,P21,50,
163,,,P22,50,
163,,,P23,50,
163,,,P24,50,
164,,,A1,0,
165,,,A1,50,
165,,,A2,50,
165,,,A3,50,
165,,,A4,50,
165,,,A5,50,
165,,,A6,50,
165,,,A7,50,
165,,,A8,50,
165,,,A9,50,
165,,,A10,50,
165,,,A11,50,
165,,,A12,50,
165,,,A13,50,
165,,,A14,50,
165,,,A15,50,
165,,,A16,50,
165,,,A17,50,
165,,,A18,50,
165,,,A19,50,
165,,,A20,50,
165,,,A21,50,
165,,,A22,50,
165,,,A23,50,
165,,,A24,50,
165,,,B1,50,
165,,,B2,50,
165,,,B3,50,
165,,,B4,50,
165,,,B5,50,
165,,,B6,50,
165,,,B7,50,
165,,,B8,50,
165,,,B9,50,
165,,,B10,50,
165,,,B11,50,
165,,,B12,50,
165,,,B13,50,
165,,,B14,50,
165,,,B15,50,
165,,,B16,50,
165,,,B17,50,
165,,,B18,50,
165,,,B19,50,
165,,,B20,50,
165,,,B21,50,
165,,,B22,50,
165,,,B23,50,
165,,,B24,50,
165,,,C1,50,
165,,,C2,50,
165,,,C3,50,
165,,,C4,50,
165,,,C5,50,
165,,,C6,50,
165,,,C7,50,
165,,,C8,50,
165,,,C9,50,
165,,,C10,50,
165,,,C11,50,
165,,,C12,50,
165,,,C13,50,
165,,,C14,50,
165,,,C15,50,
165,,,C16,50,
165,,,C17,50,
165,,,C18,50,
165,,,C19,50,
165,,,C20,50,
165,,,C21,50,
165,,,C22,50,
165,,,C23,50,
165,,,C24,50,
165,,,D1,50,
165,,,D2,50,
165,,,D3,50,
165,,,D4,50,
165,,,D5,50,
165,,,D6,50,
165,,,D7,50,
165,,,D8,50,
165,,,D9,50,
165,,,D10,50,
165,,,D11,50,
165,,,D12,50,
165,,,D13,50,
165,,,D14,50,
165,,,D15,50,
165,,,D16,50,
165,,,D17,50,
165,,,D18,50,
165,,,D19,50,
165,,,D20,50,
165,,,D21,50,
165,,,D22,50,
165,,,D23,50,
165,,,D24,50,
165,,,E1,50,
165,,,E2,50,
165,,,E3,50,
165,,,E4,50,
165,,,E5,50,
165,,,E6,50,
165,,,E7,50,
165,,,E8,50,
165,,,E9,50,
165,,,E10,50,
165,,,E11,50,
165,,,E12,50,
165,,,E13,50,
165,,,E14,50,
165,,,E15,50,
165,,,E16,50,
165,,,E17,50,
165,,,E18,50,
165,,,E19,50,
165,,,E20,50,
165,,,E21,50,
165,,,E22,50,
165,,,E23,50,
165,,,E24,50,
165,,,F1,50,
165,,,F2,50,
165,,,F3,50,
165,,,F4,50,
165,,,F5,50,
165,,,F6,50,
165,,,F7,50,
165,,,F8,50,
165,,,F9,50,
165,,,F10,50,
165,,,F11,50,
165,,,F12,50,
165,,,F13,50,
165,,,F14,50,
165,,,F15,50,
165,,,F16,50,
165,,,F17,50,
165,,,F18,50,
165,,,F19,50,
165,,,F20,50,
165,,,F21,50,
165,,,F22,50,
165,,,F23,50,
165,,,F24,50,
165,,,G1,50,
165,,,G2,50,
165,,,G3,50,
165,,,G4,50,
165,,,G5,50,
165,,,G6,50,
165,,,G7,50,
165,,,G8,50,
165,,,G9,50,
165,,,G10,50,
165,,,G11,50,
165,,,G12,50,
165,,,G13,50,
165,,,G14,50,
165,,,G15,50,
165,,,G16,50,
165,,,G17,50,
165,,,G18,50,
165,,,G19,50,
165,,,G20,50,
165,,,G21,50,
165,,,G22,50,
165,,,G23,50,
165,,,G24,50,
165,,,H1,50,
165,,,H2,50,
165,,,H3,50,
165,,,H4,50,
165,,,H5,50,
165,,,H6,50,
165,,,H7,50,
165,,,H8,50,
165,,,H9,50,
165,,,H10,50,
165,,,H11,50,
165,,,H12,50,
165,,,H13,50,
165,,,H14,50,
165,,,H15,50,
165,,,H16,50,
165,,,H17,50,
165,,,H18,50,
165,,,H19,50,
165,,,H20,50,
165,,,H21,50,
165,,,H22,50,
165,,,H23,50,
165,,,H24,50,
165,,,I1,50,
165,,,I2,50,
165,,,I3,50,
165,,,I4,50,
165,,,I5,50,
165,,,I6,50,
165,,,I7,50,
165,,,I8,50,
165,,,I9,50,
165,,,I10,50,
165,,,I11,50,
165,,,I12,50,
165,,,I13,50,
165,,,I14,50,
165,,,I15,50,
165,,,I16,50,
165,,,I17,50,
165,,,I18,50,
165,,,I19,50,
165,,,I20,50,
165,,,I21,50,
165,,,I22,50,
165,,,I23,50,
165,,,I24,50,
165,,,J1,50,
165,,,J2,50,
165,,,J3,50,
165,,,J4,50,
165,,,J5,50,
165,,,J6,50,
165,,,J7,50,
165,,,J8,50,
165,,,J9,50,
165,,,J10,50,
165,,,J11,50,
165,,,J12,50,
165,,,J13,50,
165,,,J14,50,
165,,,J15,50,
165,,,J16,50,
165,,,J17,50,
165,,,J18,50,
165,,,J19,50,
165,,,J20,50,
165,,,J21,50,
165,,,J22,50,
165,,,J23,50,
165,,,J24,50,
165,,,K1,50,
165,,,K2,50,
165,,,K3,50,
165,,,K4,50,
165,,,K5,50,
165,,,K6,50,
165,,,K7,50,
165,,,K8,50,
165,,,K9,50,
165,,,K10,50,
165,,,K11,50,
165,,,K12,50,
165,,,K13,50,
165,,,K14,50,
165,,,K15,50,
165,,,K16,50,
165,,,K17,50,
165,,,K18,50,
165,,,K19,50,
165,,,K20,50,
165,,,K21,50,
165,,,K22,50,
165,,,K23,50,
165,,,K24,50,
165,,,L1,50,
165,,,L2,50,
165,,,L3,50,
165,,,L4,50,
165,,,L5,50,
165,,,L6,50,
165,,,L7,50,
165,,,L8,50,
165,,,L9,50,
165,,,L10,50,
165,,,L11,50,
165,,,L12,50,
165,,,L13,50,
165,,,L14,50,
165,,,L15,50,
165,,,L16,50,
165,,,L17,50,
165,,,L18,50,
165,,,L19,50,
165,,,L20,50,
165,,,L21,50,
165,,,L22,50,
165,,,L23,50,
165,,,L24,50,
165,,,M1,50,
165,,,M2,50,
165,,,M3,50,
165,,,M4,50,
165,,,M5,50,
165,,,M6,50,
165,,,M7,50,
165,,,M8,50,
165,,,M9,50,
165,,,M10,50,
165,,,M11,50,
165,,,M12,50,
165,,,M13,50,
165,,,M14,50,
165,,,M15,50,
165,,,M16,50,
165,,,M17,50,
165,,,M18,50,
165,,,M19,50,
165,,,M20,50,
165,,,M21,50,
165,,,M22,50,
165,,,M23,50,
165,,,M24,50,
165,,,N1,50,
165,,,N2,50,
165,,,N3,50,
165,,,N4,50,
165,,,N5,50,
165,,,N6,50,
165,,,N7,50,
165,,,N8,50,
165,,,N9,50,
165,,,N10,50,
165,,,N11,50,
165,,,N12,50,
165,,,N13,50,
165,,,N14,50,
165,,,N15,50,
165,,,N16,50,
165,,,N17,50,
165,,,N18,50,
165,,,N19,50,
165,,,N20,50,
165,,,N21,50,
165,,,N22,50,
165,,,N23,50,
165,,,N24,50,
165,,,O1,50,
165,,,O2,50,
165,,,O3,50,
165,,,O4,50,
165,,,O5,50,
165,,,O6,50,
165,,,O7,50,
165,,,O8,50,
165,,,O9,50,
165,,,O10,50,
165,,,O11,50,
165,,,O12,50,
165,,,O13,50,
165,,,O14,50,
165,,,O15,50,
165,,,O16,50,
165,,,O17,50,
165,,,O18,50,
165,,,O19,50,
165,,,O20,50,
165,,,O21,50,
165,,,O22,50,
165,,,O23,50,
165,,,O24,50,
165,,,P1,50,
165,,,P2,50,
165,,,P3,50,
165,,,P4,50,
165,,,P5,50,
165,,,P6,50,
165,,,P7,50,
165,,,P8,50,
165,,,P9,50,
165,,,P10,50,
165,,,P11,50,
165,,,P12,50,
165,,,P13,50,
165,,,P14,50,
165,,,P15,50,
165,,,P16,50,
165,,,P17,50,
165,,,P18,50,
165,,,P19,50,
165,,,P20,50,
165,,,P21,50,
165,,,P22,50,
165,,,P23,50,
165,,,P24,50,
166,,,A1,0,
167,,,A1,50,
167,,,A2,50,
167,,,A3,50,
167,,,A4,50,
167,,,A5,50,
167,,,A6,50,
167,,,A7,50,
167,,,A8,50,
167,,,A9,50,
167,,,A10,50,
167,,,A11,50,
167,,,A12,50,
167,,,A13,50,
167,,,A14,50,
167,,,A15,50,
167,,,A16,50,
167,,,A17,50,
167,,,A18,50,
167,,,A19,50,
167,,,A20,50,
167,,,A21,50,
167,,,A22,50,
167,,,A23,50,
167,,,A24,50,
167,,,B1,50,
167,,,B2,50,
167,,,B3,50,
167,,,B4,50,
167,,,B5,50,
167,,,B6,50,
167,,,B7,50,
167,,,B8,50,
167,,,B9,50,
167,,,B10,50,
167,,,B11,50,
167,,,B12,50,
167,,,B13,50,
167,,,B14,50,
167,,,B15,50,
167,,,B16,50,
167,,,B17,50,
167,,,B18,50,
167,,,B19,50,
167,,,B20,50,
167,,,B21,50,
167,,,B22,50,
167,,,B23,50,
167,,,B24,50,
167,,,C1,50,
167,,,C2,50,
167,,,C3,50,
167,,,C4,50,
167,,,C5,50,
167,,,C6,50,
167,,,C7,50,
167,,,C8,50,
167,,,C9,50,
167,,,C10,50,
167,,,C11,50,
167,,,C12,50,
167,,,C13,50,
167,,,C14,50,
167,,,C15,50,
167,,,C16,50,
167,,,C17,50,
167,,,C18,50,
167,,,C19,50,
167,,,C20,50,
167,,,C21,50,
167,,,C22,50,
167,,,C23,50,
167,,,C24,50,
167,,,D1,50,
167,,,D2,50,
167,,,D3,50,
167,,,D4,50,
167,,,D5,50,
167,,,D6,50,
167,,,D7,50,
167,,,D8,50,
167,,,D9,50,
167,,,D10,50,
167,,,D11,50,
167,,,D12,50,
167,,,D13,50,
167,,,D14,50,
167,,,D15,50,
167,,,D16,50,
167,,,D17,50,
167,,,D18,50,
167,,,D19,50,
167,,,D20,50,
167,,,D21,50,
167,,,D22,50,
167,,,D23,50,
167,,,D24,50,
167,,,E1,50,
167,,,E2,50,
167,,,E3,50,
167,,,E4,50,
167,,,E5,50,
167,,,E6,50,
167,,,E7,50,
167,,,E8,50,
167,,,E9,50,
167,,,E10,50,
167,,,E11,50,
167,,,E12,50,
167,,,E13,50,
167,,,E14,50,
167,,,E15,50,
167,,,E16,50,
167,,,E17,50,
167,,,E18,50,
167,,,E19,50,
167,,,E20,50,
167,,,E21,50,
167,,,E22,50,
167,,,E23,50,
167,,,E24,50,
167,,,F1,50,
167,,,F2,50,
167,,,F3,50,
167,,,F4,50,
167,,,F5,50,
167,,,F6,50,
167,,,F7,50,
167,,,F8,50,
167,,,F9,50,
167,,,F10,50,
167,,,F11,50,
167,,,F12,50,
167,,,F13,50,
167,,,F14,50,
167,,,F15,50,
167,,,F16,50,
167,,,F17,50,
167,,,F18,50,
167,,,F19,50,
167,,,F20,50,
167,,,F21,50,
167,,,F22,50,
167,,,F23,50,
167,,,F24,50,
167,,,G1,50,
167,,,G2,50,
167,,,G3,50,
167,,,G4,50,
167,,,G5,50,
167,,,G6,50,
167,,,G7,50,
167,,,G8,50,
167,,,G9,50,
167,,,G10,50,
167,,,G11,50,
167,,,G12,50,
167,,,G13,50,
167,,,G14,50,
167,,,G15,50,
167,,,G16,50,
167,,,G17,50,
167,,,G18,50,
167,,,G19,50,
167,,,G20,50,
167,,,G21,50,
167,,,G22,50,
167,,,G23,50,
167,,,G24,50,
167,,,H1,50,
167,,,H2,50,
167,,,H3,50,
167,,,H4,50,
167,,,H5,50,
167,,,H6,50,
167,,,H7,50,
167,,,H8,50,
167,,,H9,50,
167,,,H10,50,
167,,,H11,50,
167,,,H12,50,
167,,,H13,50,
167,,,H14,50,
167,,,H15,50,
167,,,H16,50,
167,,,H17,50,
167,,,H18,50,
167,,,H19,50,
167,,,H20,50,
167,,,H21,50,
167,,,H22,50,
167,,,H23,50,
167,,,H24,50,
167,,,I1,50,
167,,,I2,50,
167,,,I3,50,
167,,,I4,50,
167,,,I5,50,
167,,,I6,50,
167,,,I7,50,
167,,,I8,50,
167,,,I9,50,
167,,,I10,50,
167,,,I11,50,
167,,,I12,50,
167,,,I13,50,
167,,,I14,50,
167,,,I15,50,
167,,,I16,50,
167,,,I17,50,
167,,,I18,50,
167,,,I19,50,
167,,,I20,50,
167,,,I21,50,
167,,,I22,50,
167,,,I23,50,
167,,,I24,50,
167,,,J1,50,
167,,,J2,50,
167,,,J3,50,
167,,,J4,50,
167,,,J5,50,
167,,,J6,50,
167,,,J7,50,
167,,,J8,50,
167,,,J9,50,
167,,,J10,50,
167,,,J11,50,
167,,,J12,50,
167,,,J13,50,
167,,,J14,50,
167,,,J15,50,
167,,,J16,50,
167,,,J17,50,
167,,,J18,50,
167,,,J19,50,
167,,,J20,50,
167,,,J21,50,
167,,,J22,50,
167,,,J23,50,
167,,,J24,50,
167,,,K1,50,
167,,,K2,50,
167,,,K3,50,
167,,,K4,50,
167,,,K5,50,
167,,,K6,50,
167,,,K7,50,
167,,,K8,50,
167,,,K9,50,
167,,,K10,50,
167,,,K11,50,
167,,,K12,50,
167,,,K13,50,
167,,,K14,50,
167,,,K15,50,
167,,,K16,50,
167,,,K17,50,
167,,,K18,50,
167,,,K19,50,
167,,,K20,50,
167,,,K21,50,
167,,,K22,50,
167,,,K23,50,
167,,,K24,50,
167,,,L1,50,
167,,,L2,50,
167,,,L3,50,
167,,,L4,50,
167,,,L5,50,
167,,,L6,50,
167,,,L7,50,
167,,,L8,50,
167,,,L9,50,
167,,,L10,50,
167,,,L11,50,
167,,,L12,50,
167,,,L13,50,
167,,,L14,50,
167,,,L15,50,
167,,,L16,50,
167,,,L17,50,
167,,,L18,50,
167,,,L19,50,
167,,,L20,50,
167,,,L21,50,
167,,,L22,50,
167,,,L23,50,
167,,,L24,50,
167,,,M1,50,
167,,,M2,50,
167,,,M3,50,
167,,,M4,50,
167,,,M5,50,
167,,,M6,50,
167,,,M7,50,
167,,,M8,50,
167,,,M9,50,
167,,,M10,50,
167,,,M11,50,
167,,,M12,50,
167,,,M13,50,
167,,,M14,50,
167,,,M15,50,
167,,,M16,50,
167,,,M17,50,
167,,,M18,50,
167,,,M19,50,
167,,,M20,50,
167,,,M21,50,
167,,,M22,50,
167,,,M23,50,
167,,,M24,50,
167,,,N1,50,
167,,,N2,50,
167,,,N3,50,
167,,,N4,50,
167,,,N5,50,
167,,,N6,50,
167,,,N7,50,
167,,,N8,50,
167,,,N9,50,
167,,,N10,50,
167,,,N11,50,
167,,,N12,50,
167,,,N13,50,
167,,,N14,50,
167,,,N15,50,
167,,,N16,50,
167,,,N17,50,
167,,,N18,50,
167,,,N19,50,
167,,,N20,50,
167,,,N21,50,
167,,,N22,50,
167,,,N23,50,
167,,,N24,50,
167,,,O1,50,
167,,,O2,50,
167,,,O3,50,
167,,,O4,50,
167,,,O5,50,
167,,,O6,50,
167,,,O7,50,
167,,,O8,50,
167,,,O9,50,
167,,,O10,50,
167,,,O11,50,
167,,,O12,50,
167,,,O13,50,
167,,,O14,50,
167,,,O15,50,
167,,,O16,50,
167,,,O17,50,
167,,,O18,50,
167,,,O19,50,
167,,,O20,50,
167,,,O21,50,
167,,,O22,50,
167,,,O23,50,
167,,,O24,50,
167,,,P1,50,
167,,,P2,50,
167,,,P3,50,
167,,,P4,50,
167,,,P5,50,
167,,,P6,50,
167,,,P7,50,
167,,,P8,50,
167,,,P9,50,
167,,,P10,50,
167,,,P11,50,
167,,,P12,50,
167,,,P13,50,
167,,,P14,50,
167,,,P15,50,
167,,,P16,50,
167,,,P17,50,
167,,,P18,50,
167,,,P19,50,
167,,,P20,50,
167,,,P21,50,
167,,,P22,50,
167,,,P23,50,
167,,,P24,50,
168,,,A1,0,
169,,,A1,50,
169,,,A2,50,
169,,,A3,50,
169,,,A4,50,
169,,,A5,50,
169,,,A6,50,
169,,,A7,50,
169,,,A8,50,
169,,,A9,50,
169,,,A10,50,
169,,,A11,50,
169,,,A12,50,
169,,,A13,50,
169,,,A14,50,
169,,,A15,50,
169,,,A16,50,
169,,,A17,50,
169,,,A18,50,
169,,,A19,50,
169,,,A20,50,
169,,,A21,50,
169,,,A22,50,
169,,,A23,50,
169,,,A24,50,
169,,,B1,50,
169,,,B2,50,
169,,,B3,50,
169,,,B4,50,
169,,,B5,50,
169,,,B6,50,
169,,,B7,50,
169,,,B8,50,
169,,,B9,50,
169,,,B10,50,
169,,,B11,50,
169,,,B12,50,
169,,,B13,50,
169,,,B14,50,
169,,,B15,50,
169,,,B16,50,
169,,,B17,50,
169,,,B18,50,
169,,,B19,50,
169,,,B20,50,
169,,,B21,50,
169,,,B22,50,
169,,,B23,50,
169,,,B24,50,
169,,,C1,50,
169,,,C2,50,
169,,,C3,50,
169,,,C4,50,
169,,,C5,50,
169,,,C6,50,
169,,,C7,50,
169,,,C8,50,
169,,,C9,50,
169,,,C10,50,
169,,,C11,50,
169,,,C12,50,
169,,,C13,50,
169,,,C14,50,
169,,,C15,50,
169,,,C16,50,
169,,,C17,50,
169,,,C18,50,
169,,,C19,50,
169,,,C20,50,
169,,,C21,50,
169,,,C22,50,
169,,,C23,50,
169,,,C24,50,
169,,,D1,50,
169,,,D2,50,
169,,,D3,50,
169,,,D4,50,
169,,,D5,50,
169,,,D6,50,
169,,,D7,50,
169,,,D8,50,
169,,,D9,50,
169,,,D10,50,
169,,,D11,50,
169,,,D12,50,
169,,,D13,50,
169,,,D14,50,
169,,,D15,50,
169,,,D16,50,
169,,,D17,50,
169,,,D18,50,
169,,,D19,50,
169,,,D20,50,
169,,,D21,50,
169,,,D22,50,
169,,,D23,50,
169,,,D24,50,
169,,,E1,50,
169,,,E2,50,
169,,,E3,50,
169,,,E4,50,
169,,,E5,50,
169,,,E6,50,
169,,,E7,50,
169,,,E8,50,
169,,,E9,50,
169,,,E10,50,
169,,,E11,50,
169,,,E12,50,
169,,,E13,50,
169,,,E14,50,
169,,,E15,50,
169,,,E16,50,
169,,,E17,50,
169,,,E18,50,
169,,,E19,50,
169,,,E20,50,
169,,,E21,50,
169,,,E22,50,
169,,,E23,50,
169,,,E24,50,
169,,,F1,50,
169,,,F2,50,
169,,,F3,50,
169,,,F4,50,
169,,,F5,50,
169,,,F6,50,
169,,,F7,50,
169,,,F8,50,
169,,,F9,50,
169,,,F10,50,
169,,,F11,50,
169,,,F12,50,
169,,,F13,50,
169,,,F14,50,
169,,,F15,50,
169,,,F16,50,
169,,,F17,50,
169,,,F18,50,
169,,,F19,50,
169,,,F20,50,
169,,,F21,50,
169,,,F22,50,
169,,,F23,50,
169,,,F24,50,
169,,,G1,50,
169,,,G2,50,
169,,,G3,50,
169,,,G4,50,
169,,,G5,50,
169,,,G6,50,
169,,,G7,50,
169,,,G8,50,
169,,,G9,50,
169,,,G10,50,
169,,,G11,50,
169,,,G12,50,
169,,,G13,50,
169,,,G14,50,
169,,,G15,50,
169,,,G16,50,
169,,,G17,50,
169,,,G18,50,
169,,,G19,50,
169,,,G20,50,
169,,,G21,50,
169,,,G22,50,
169,,,G23,50,
169,,,G24,50,
169,,,H1,50,
169,,,H2,50,
169,,,H3,50,
169,,,H4,50,
169,,,H5,50,
169,,,H6,50,
169,,,H7,50,
169,,,H8,50,
169,,,H9,50,
169,,,H10,50,
169,,,H11,50,
169,,,H12,50,
169,,,H13,50,
169,,,H14,50,
169,,,H15,50,
169,,,H16,50,
169,,,H17,50,
169,,,H18,50,
169,,,H19,50,
169,,,H20,50,
169,,,H21,50,
169,,,H22,50,
169,,,H23,50,
169,,,H24,50,
169,,,I1,50,
169,,,I2,50,
169,,,I3,50,
169,,,I4,50,
169,,,I5,50,
169,,,I6,50,
169,,,I7,50,
169,,,I8,50,
169,,,I9,50,
169,,,I10,50,
169,,,I11,50,
169,,,I12,50,
169,,,I13,50,
169,,,I14,50,
169,,,I15,50,
169,,,I16,50,
169,,,I17,50,
169,,,I18,50,
169,,,I19,50,
169,,,I20,50,
169,,,I21,50,
169,,,I22,50,
169,,,I23,50,
169,,,I24,50,
169,,,J1,50,
169,,,J2,50,
169,,,J3,50,
169,,,J4,50,
169,,,J5,50,
169,,,J6,50,
169,,,J7,50,
169,,,J8,50,
169,,,J9,50,
169,,,J10,50,
169,,,J11,50,
169,,,J12,50,
169,,,J13,50,
169,,,J14,50,
169,,,J15,50,
169,,,J16,50,
169,,,J17,50,
169,,,J18,50,
169,,,J19,50,
169,,,J20,50,
169,,,J21,50,
169,,,J22,50,
169,,,J23,50,
169,,,J24,50,
169,,,K1,50,
169,,,K2,50,
169,,,K3,50,
169,,,K4,50,
169,,,K5,50,
169,,,K6,50,
169,,,K7,50,
169,,,K8,50,
169,,,K9,50,
169,,,K10,50,
169,,,K11,50,
169,,,K12,50,
169,,,K13,50,
169,,,K14,50,
169,,,K15,50,
169,,,K16,50,
169,,,K17,50,
169,,,K18,50,
169,,,K19,50,
169,,,K20,50,
169,,,K21,50,
169,,,K22,50,
169,,,K23,50,
169,,,K24,50,
169,,,L1,50,
169,,,L2,50,
169,,,L3,50,
169,,,L4,50,
169,,,L5,50,
169,,,L6,50,
169,,,L7,50,
169,,,L8,50,
169,,,L9,50,
169,,,L10,50,
169,,,L11,50,
169,,,L12,50,
169,,,L13,50,
169,,,L14,50,
169,,,L15,50,
169,,,L16,50,
169,,,L17,50,
169,,,L18,50,
169,,,L19,50,
169,,,L20,50,
169,,,L21,50,
169,,,L22,50,
169,,,L23,50,
169,,,L24,50,
169,,,M1,50,
169,,,M2,50,
169,,,M3,50,
169,,,M4,50,
169,,,M5,50,
169,,,M6,50,
169,,,M7,50,
169,,,M8,50,
169,,,M9,50,
169,,,M10,50,
169,,,M11,50,
169,,,M12,50,
169,,,M13,50,
169,,,M14,50,
169,,,M15,50,
169,,,M16,50,
169,,,M17,50,
169,,,M18,50,
169,,,M19,50,
169,,,M20,50,
169,,,M21,50,
169,,,M22,50,
169,,,M23,50,
169,,,M24,50,
169,,,N1,50,
169,,,N2,50,
169,,,N3,50,
169,,,N4,50,
169,,,N5,50,
169,,,N6,50,
169,,,N7,50,
169,,,N8,50,
169,,,N9,50,
169,,,N10,50,
169,,,N11,50,
169,,,N12,50,
169,,,N13,50,
169,,,N14,50,
169,,,N15,50,
169,,,N16,50,
169,,,N17,50,
169,,,N18,50,
169,,,N19,50,
169,,,N20,50,
169,,,N21,50,
169,,,N22,50,
169,,,N23,50,
169,,,N24,50,
169,,,O1,50,
169,,,O2,50,
169,,,O3,50,
169,,,O4,50,
169,,,O5,50,
169,,,O6,50,
169,,,O7,50,
169,,,O8,50,
169,,,O9,50,
169,,,O10,50,
169,,,O11,50,
169,,,O12,50,
169,,,O13,50,
169,,,O14,50,
169,,,O15,50,
169,,,O16,50,
169,,,O17,50,
169,,,O18,50,
169,,,O19,50,
169,,,O20,50,
169,,,O21,50,
169,,,O22,50,
169,,,O23,50,
169,,,O24,50,
169,,,P1,50,
169,,,P2,50,
169,,,P3,50,
169,,,P4,50,
169,,,P5,50,
169,,,P6,50,
169,,,P7,50,
169,,,P8,50,
169,,,P9,50,
169,,,P10,50,
169,,,P11,50,
169,,,P12,50,
169,,,P13,50,
169,,,P14,50,
169,,,P15,50,
169,,,P16,50,
169,,,P17,50,
169,,,P18,50,
169,,,P19,50,
169,,,P20,50,
169,,,P21,50,
169,,,P22,50,
169,,,P23,50,
169,,,P24,50,
170,,,A1,0,
171,,,A1,50,
171,,,A2,50,
171,,,A3,50,
171,,,A4,50,
171,,,A5,50,
171,,,A6,50,
171,,,A7,50,
171,,,A8,50,
171,,,A9,50,
171,,,A10,50,
171,,,A11,50,
171,,,A12,50,
171,,,A13,50,
171,,,A14,50,
171,,,A15,50,
171,,,A16,50,
171,,,A17,50,
171,,,A18,50,
171,,,A19,50,
171,,,A20,50,
171,,,A21,50,
171,,,A22,50,
171,,,A23,50,
171,,,A24,50,
171,,,B1,50,
171,,,B2,50,
171,,,B3,50,
171,,,B4,50,
171,,,B5,50,
171,,,B6,50,
171,,,B7,50,
171,,,B8,50,
171,,,B9,50,
171,,,B10,50,
171,,,B11,50,
171,,,B12,50,
171,,,B13,50,
171,,,B14,50,
171,,,B15,50,
171,,,B16,50,
171,,,B17,50,
171,,,B18,50,
171,,,B19,50,
171,,,B20,50,
171,,,B21,50,
171,,,B22,50,
171,,,B23,50,
171,,,B24,50,
171,,,C1,50,
171,,,C2,50,
171,,,C3,50,
171,,,C4,50,
171,,,C5,50,
171,,,C6,50,
171,,,C7,50,
171,,,C8,50,
171,,,C9,50,
171,,,C10,50,
171,,,C11,50,
171,,,C12,50,
171,,,C13,50,
171,,,C14,50,
171,,,C15,50,
171,,,C16,50,
171,,,C17,50,
171,,,C18,50,
171,,,C19,50,
171,,,C20,50,
171,,,C21,50,
171,,,C22,50,
171,,,C23,50,
171,,,C24,50,
171,,,D1,50,
171,,,D2,50,
171,,,D3,50,
171,,,D4,50,
171,,,D5,50,
171,,,D6,50,
171,,,D7,50,
171,,,D8,50,
171,,,D9,50,
171,,,D10,50,
171,,,D11,50,
171,,,D12,50,
171,,,D13,50,
171,,,D14,50,
171,,,D15,50,
171,,,D16,50,
171,,,D17,50,
171,,,D18,50,
171,,,D19,50,
171,,,D20,50,
171,,,D21,50,
171,,,D22,50,
171,,,D23,50,
171,,,D24,50,
171,,,E1,50,
171,,,E2,50,
171,,,E3,50,
171,,,E4,50,
171,,,E5,50,
171,,,E6,50,
171,,,E7,50,
171,,,E8,50,
171,,,E9,50,
171,,,E10,50,
171,,,E11,50,
171,,,E12,50,
171,,,E13,50,
171,,,E14,50,
171,,,E15,50,
171,,,E16,50,
171,,,E17,50,
171,,,E18,50,
171,,,E19,50,
171,,,E20,50,
171,,,E21,50,
171,,,E22,50,
171,,,E23,50,
171,,,E24,50,
171,,,F1,50,
171,,,F2,50,
171,,,F3,50,
171,,,F4,50,
171,,,F5,50,
171,,,F6,50,
171,,,F7,50,
171,,,F8,50,
171,,,F9,50,
171,,,F10,50,
171,,,F11,50,
171,,,F12,50,
171,,,F13,50,
171,,,F14,50,
171,,,F15,50,
171,,,F16,50,
171,,,F17,50,
171,,,F18,50,
171,,,F19,50,
171,,,F20,50,
171,,,F21,50,
171,,,F22,50,
171,,,F23,50,
171,,,F24,50,
171,,,G1,50,
171,,,G2,50,
171,,,G3,50,
171,,,G4,50,
171,,,G5,50,
171,,,G6,50,
171,,,G7,50,
171,,,G8,50,
171,,,G9,50,
171,,,G10,50,
171,,,G11,50,
171,,,G12,50,
171,,,G13,50,
171,,,G14,50,
171,,,G15,50,
171,,,G16,50,
171,,,G17,50,
171,,,G18,50,
171,,,G19,50,
171,,,G20,50,
171,,,G21,50,
171,,,G22,50,
171,,,G23,50,
171,,,G24,50,
171,,,H1,50,
171,,,H2,50,
171,,,H3,50,
171,,,H4,50,
171,,,H5,50,
171,,,H6,50,
171,,,H7,50,
171,,,H8,50,
171,,,H9,50,
171,,,H10,50,
171,,,H11,50,
171,,,H12,50,
171,,,H13,50,
171,,,H14,50,
171,,,H15,50,
171,,,H16,50,
171,,,H17,50,
171,,,H18,50,
171,,,H19,50,
171,,,H20,50,
171,,,H21,50,
171,,,H22,50,
171,,,H23,50,
171,,,H24,50,
171,,,I1,50,
171,,,I2,50,
171,,,I3,50,
171,,,I4,50,
171,,,I5,50,
171,,,I6,50,
171,,,I7,50,
171,,,I8,50,
171,,,I9,50,
171,,,I10,50,
171,,,I11,50,
171,,,I12,50,
171,,,I13,50,
171,,,I14,50,
171,,,I15,50,
171,,,I16,50,
171,,,I17,50,
171,,,I18,50,
171,,,I19,50,
171,,,I20,50,
171,,,I21,50,
171,,,I22,50,
171,,,I23,50,
171,,,I24,50,
171,,,J1,50,
171,,,J2,50,
171,,,J3,50,
171,,,J4,50,
171,,,J5,50,
171,,,J6,50,
171,,,J7,50,
171,,,J8,50,
171,,,J9,50,
171,,,J10,50,
171,,,J11,50,
171,,,J12,50,
171,,,J13,50,
171,,,J14,50,
171,,,J15,50,
171,,,J16,50,
171,,,J17,50,
171,,,J18,50,
171,,,J19,50,
171,,,J20,50,
171,,,J21,50,
171,,,J22,50,
171,,,J23,50,
171,,,J24,50,
171,,,K1,50,
171,,,K2,50,
171,,,K3,50,
171,,,K4,50,
171,,,K5,50,
171,,,K6,50,
171,,,K7,50,
171,,,K8,50,
171,,,K9,50,
171,,,K10,50,
171,,,K11,50,
171,,,K12,50,
171,,,K13,50,
171,,,K14,50,
171,,,K15,50,
171,,,K16,50,
171,,,K17,50,
171,,,K18,50,
171,,,K19,50,
171,,,K20,50,
171,,,K21,50,
171,,,K22,50,
171,,,K23,50,
171,,,K24,50,
171,,,L1,50,
171,,,L2,50,
171,,,L3,50,
171,,,L4,50,
171,,,L5,50,
171,,,L6,50,
171,,,L7,50,
171,,,L8,50,
171,,,L9,50,
171,,,L10,50,
171,,,L11,50,
171,,,L12,50,
171,,,L13,50,
171,,,L14,50,
171,,,L15,50,
171,,,L16,50,
171,,,L17,50,
171,,,L18,50,
171,,,L19,50,
171,,,L20,50,
171,,,L21,50,
171,,,L22,50,
171,,,L23,50,
171,,,L24,50,
171,,,M1,50,
171,,,M2,50,
171,,,M3,50,
171,,,M4,50,
171,,,M5,50,
171,,,M6,50,
171,,,M7,50,
171,,,M8,50,
171,,,M9,50,
171,,,M10,50,
171,,,M11,50,
171,,,M12,50,
171,,,M13,50,
171,,,M14,50,
171,,,M15,50,
171,,,M16,50,
171,,,M17,50,
171,,,M18,50,
171,,,M19,50,
171,,,M20,50,
171,,,M21,50,
171,,,M22,50,
171,,,M23,50,
171,,,M24,50,
171,,,N1,50,
171,,,N2,50,
171,,,N3,50,
171,,,N4,50,
171,,,N5,50,
171,,,N6,50,
171,,,N7,50,
171,,,N8,50,
171,,,N9,50,
171,,,N10,50,
171,,,N11,50,
171,,,N12,50,
171,,,N13,50,
171,,,N14,50,
171,,,N15,50,
171,,,N16,50,
171,,,N17,50,
171,,,N18,50,
171,,,N19,50,
171,,,N20,50,
171,,,N21,50,
171,,,N22,50,
171,,,N23,50,
171,,,N24,50,
171,,,O1,50,
171,,,O2,50,
171,,,O3,50,
171,,,O4,50,
171,,,O5,50,
171,,,O6,50,
171,,,O7,50,
171,,,O8,50,
171,,,O9,50,
171,,,O10,50,
171,,,O11,50,
171,,,O12,50,
171,,,O13,50,
171,,,O14,50,
171,,,O15,50,
171,,,O16,50,
171,,,O17,50,
171,,,O18,50,
171,,,O19,50,
171,,,O20,50,
171,,,O21,50,
171,,,O22,50,
171,,,O23,50,
171,,,O24,50,
171,,,P1,50,
171,,,P2,50,
171,,,P3,50,
171,,,P4,50,
171,,,P5,50,
171,,,P6,50,
171,,,P7,50,
171,,,P8,50,
171,,,P9,50,
171,,,P10,50,
171,,,P11,50,
171,,,P12,50,
171,,,P13,50,
171,,,P14,50,
171,,,P15,50,
171,,,P16,50,
171,,,P17,50,
171,,,P18,50,
171,,,P19,50,
171,,,P20,50,
171,,,P21,50,
171,,,P22,50,
171,,,P23,50,
171,,,P24,50,
172,,,A1,0,
173,,,A1,50,
173,,,A2,50,
173,,,A3,50,
173,,,A4,50,
173,,,A5,50,
173,,,A6,50,
173,,,A7,50,
173,,,A8,50,
173,,,A9,50,
173,,,A10,50,
173,,,A11,50,
173,,,A12,50,
173,,,A13,50,
173,,,A14,50,
173,,,A15,50,
173,,,A16,50,
173,,,A17,50,
173,,,A18,50,
173,,,A19,50,
173,,,A20,50,
173,,,A21,50,
173,,,A22,50,
173,,,A23,50,
173,,,A24,50,
173,,,B1,50,
173,,,B2,50,
173,,,B3,50,
173,,,B4,50,
173,,,B5,50,
173,,,B6,50,
173,,,B7,50,
173,,,B8,50,
173,,,B9,50,
173,,,B10,50,
173,,,B11,50,
173,,,B12,50,
173,,,B13,50,
173,,,B14,50,
173,,,B15,50,
173,,,B16,50,
173,,,B17,50,
173,,,B18,50,
173,,,B19,50,
173,,,B20,50,
173,,,B21,50,
173,,,B22,50,
173,,,B23,50,
173,,,B24,50,
173,,,C1,50,
173,,,C2,50,
173,,,C3,50,
173,,,C4,50,
173,,,C5,50,
173,,,C6,50,
173,,,C7,50,
173,,,C8,50,
173,,,C9,50,
173,,,C10,50,
173,,,C11,50,
173,,,C12,50,
173,,,C13,50,
173,,,C14,50,
173,,,C15,50,
173,,,C16,50,
173,,,C17,50,
173,,,C18,50,
173,,,C19,50,
173,,,C20,50,
173,,,C21,50,
173,,,C22,50,
173,,,C23,50,
173,,,C24,50,
173,,,D1,50,
173,,,D2,50,
173,,,D3,50,
173,,,D4,50,
173,,,D5,50,
173,,,D6,50,
173,,,D7,50,
173,,,D8,50,
173,,,D9,50,
173,,,D10,50,
173,,,D11,50,
173,,,D12,50,
173,,,D13,50,
173,,,D14,50,
173,,,D15,50,
173,,,D16,50,
173,,,D17,50,
173,,,D18,50,
173,,,D19,50,
173,,,D20,50,
173,,,D21,50,
173,,,D22,50,
173,,,D23,50,
173,,,D24,50,
173,,,E1,50,
173,,,E2,50,
173,,,E3,50,
173,,,E4,50,
173,,,E5,50,
173,,,E6,50,
173,,,E7,50,
173,,,E8,50,
173,,,E9,50,
173,,,E10,50,
173,,,E11,50,
173,,,E12,50,
173,,,E13,50,
173,,,E14,50,
173,,,E15,50,
173,,,E16,50,
173,,,E17,50,
173,,,E18,50,
173,,,E19,50,
173,,,E20,50,
173,,,E21,50,
173,,,E22,50,
173,,,E23,50,
173,,,E24,50,
173,,,F1,50,
173,,,F2,50,
173,,,F3,50,
173,,,F4,50,
173,,,F5,50,
173,,,F6,50,
173,,,F7,50,
173,,,F8,50,
173,,,F9,50,
173,,,F10,50,
173,,,F11,50,
173,,,F12,50,
173,,,F13,50,
173,,,F14,50,
173,,,F15,50,
173,,,F16,50,
173,,,F17,50,
173,,,F18,50,
173,,,F19,50,
173,,,F20,50,
173,,,F21,50,
173,,,F22,50,
173,,,F23,50,
173,,,F24,50,
173,,,G1,50,
173,,,G2,50,
173,,,G3,50,
173,,,G4,50,
173,,,G5,50,
173,,,G6,50,
173,,,G7,50,
173,,,G8,50,
173,,,G9,50,
173,,,G10,50,
173,,,G11,50,
173,,,G12,50,
173,,,G13,50,
173,,,G14,50,
173,,,G15,50,
173,,,G16,50,
173,,,G17,50,
173,,,G18,50,
173,,,G19,50,
173,,,G20,50,
173,,,G21,50,
173,,,G22,50,
173,,,G23,50,
173,,,G24,50,
173,,,H1,50,
173,,,H2,50,
173,,,H3,50,
173,,,H4,50,
173,,,H5,50,
173,,,H6,50,
173,,,H7,50,
173,,,H8,50,
173,,,H9,50,
173,,,H10,50,
173,,,H11,50,
173,,,H12,50,
173,,,H13,50,
173,,,H14,50,
173,,,H15,50,
173,,,H16,50,
173,,,H17,50,
173,,,H18,50,
173,,,H19,50,
173,,,H20,50,
173,,,H21,50,
173,,,H22,50,
173,,,H23,50,
173,,,H24,50,
173,,,I1,50,
173,,,I2,50,
173,,,I3,50,
173,,,I4,50,
173,,,I5,50,
173,,,I6,50,
173,,,I7,50,
173,,,I8,50,
173,,,I9,50,
173,,,I10,50,
173,,,I11,50,
173,,,I12,50,
173,,,I13,50,
173,,,I14,50,
173,,,I15,50,
173,,,I16,50,
173,,,I17,50,
173,,,I18,50,
173,,,I19,50,
173,,,I20,50,
173,,,I21,50,
173,,,I22,50,
173,,,I23,50,
173,,,I24,50,
173,,,J1,50,
173,,,J2,50,
173,,,J3,50,
173,,,J4,50,
173,,,J5,50,
173,,,J6,50,
173,,,J7,50,
173,,,J8,50,
173,,,J9,50,
173,,,J10,50,
173,,,J11,50,
173,,,J12,50,
173,,,J13,50,
173,,,J14,50,
173,,,J15,50,
173,,,J16,50,
173,,,J17,50,
173,,,J18,50,
173,,,J19,50,
173,,,J20,50,
173,,,J21,50,
173,,,J22,50,
173,,,J23,50,
173,,,J24,50,
173,,,K1,50,
173,,,K2,50,
173,,,K3,50,
173,,,K4,50,
173,,,K5,50,
173,,,K6,50,
173,,,K7,50,
173,,,K8,50,
173,,,K9,50,
173,,,K10,50,
173,,,K11,50,
173,,,K12,50,
173,,,K13,50,
173,,,K14,50,
173,,,K15,50,
173,,,K16,50,
173,,,K17,50,
173,,,K18,50,
173,,,K19,50,
173,,,K20,50,
173,,,K21,50,
173,,,K22,50,
173,,,K23,50,
173,,,K24,50,
173,,,L1,50,
173,,,L2,50,
173,,,L3,50,
173,,,L4,50,
173,,,L5,50,
173,,,L6,50,
173,,,L7,50,
173,,,L8,50,
173,,,L9,50,
173,,,L10,50,
173,,,L11,50,
173,,,L12,50,
173,,,L13,50,
173,,,L14,50,
173,,,L15,50,
173,,,L16,50,
173,,,L17,50,
173,,,L18,50,
173,,,L19,50,
173,,,L20,50,
173,,,L21,50,
173,,,L22,50,
173,,,L23,50,
173,,,L24,50,
173,,,M1,50,
173,,,M2,50,
173,,,M3,50,
173,,,M4,50,
173,,,M5,50,
173,,,M6,50,
173,,,M7,50,
173,,,M8,50,
173,,,M9,50,
173,,,M10,50,
173,,,M11,50,
173,,,M12,50,
173,,,M13,50,
173,,,M14,50,
173,,,M15,50,
173,,,M16,50,
173,,,M17,50,
173,,,M18,50,
173,,,M19,50,
173,,,M20,50,
173,,,M21,50,
173,,,M22,50,
173,,,M23,50,
173,,,M24,50,
173,,,N1,50,
173,,,N2,50,
173,,,N3,50,
173,,,N4,50,
173,,,N5,50,
173,,,N6,50,
173,,,N7,50,
173,,,N8,50,
173,,,N9,50,
173,,,N10,50,
173,,,N11,50,
173,,,N12,50,
173,,,N13,50,
173,,,N14,50,
173,,,N15,50,
173,,,N16,50,
173,,,N17,50,
173,,,N18,50,
173,,,N19,50,
173,,,N20,50,
173,,,N21,50,
173,,,N22,50,
173,,,N23,50,
173,,,N24,50,
173,,,O1,50,
173,,,O2,50,
173,,,O3,50,
173,,,O4,50,
173,,,O5,50,
173,,,O6,50,
173,,,O7,50,
173,,,O8,50,
173,,,O9,50,
173,,,O10,50,
173,,,O11,50,
173,,,O12,50,
173,,,O13,50,
173,,,O14,50,
173,,,O15,50,
173,,,O16,50,
173,,,O17,50,
173,,,O18,50,
173,,,O19,50,
173,,,O20,50,
173,,,O21,50,
173,,,O22,50,
173,,,O23,50,
173,,,O24,50,
173,,,P1,50,
173,,,P2,50,
173,,,P3,50,
173,,,P4,50,
173,,,P5,50,
173,,,P6,50,
173,,,P7,50,
173,,,P8,50,
173,,,P9,50,
173,,,P10,50,
173,,,P11,50,
173,,,P12,50,
173,,,P13,50,
173,,,P14,50,
173,,,P15,50,
173,,,P16,50,
173,,,P17,50,
173,,,P18,50,
173,,,P19,50,
173,,,P20,50,
173,,,P21,50,
173,,,P22,50,
173,,,P23,50,
173,,,P24,50,
174,,,A1,0,
175,,,A1,50,
175,,,A2,50,
175,,,A3,50,
175,,,A4,50,
175,,,A5,50,
175,,,A6,50,
175,,,A7,50,
175,,,A8,50,
175,,,A9,50,
175,,,A10,50,
175,,,A11,50,
175,,,A12,50,
175,,,A13,50,
175,,,A14,50,
175,,,A15,50,
175,,,A16,50,
175,,,A17,50,
175,,,A18,50,
175,,,A19,50,
175,,,A20,50,
175,,,A21,50,
175,,,A22,50,
175,,,A23,50,
175,,,A24,50,
175,,,B1,50,
175,,,B2,50,
175,,,B3,50,
175,,,B4,50,
175,,,B5,50,
175,,,B6,50,
175,,,B7,50,
175,,,B8,50,
175,,,B9,50,
175,,,B10,50,
175,,,B11,50,
175,,,B12,50,
175,,,B13,50,
175,,,B14,50,
175,,,B15,50,
175,,,B16,50,
175,,,B17,50,
175,,,B18,50,
175,,,B19,50,
175,,,B20,50,
175,,,B21,50,
175,,,B22,50,
175,,,B23,50,
175,,,B24,50,
175,,,C1,50,
175,,,C2,50,
175,,,C3,50,
175,,,C4,50,
175,,,C5,50,
175,,,C6,50,
175,,,C7,50,
175,,,C8,50,
175,,,C9,50,
175,,,C10,50,
175,,,C11,50,
175,,,C12,50,
175,,,C13,50,
175,,,C14,50,
175,,,C15,50,
175,,,C16,50,
175,,,C17,50,
175,,,C18,50,
175,,,C19,50,
175,,,C20,50,
175,,,C21,50,
175,,,C22,50,
175,,,C23,50,
175,,,C24,50,
175,,,D1,50,
175,,,D2,50,
175,,,D3,50,
175,,,D4,50,
175,,,D5,50,
175,,,D6,50,
175,,,D7,50,
175,,,D8,50,
175,,,D9,50,
175,,,D10,50,
175,,,D11,50,
175,,,D12,50,
175,,,D13,50,
175,,,D14,50,
175,,,D15,50,
175,,,D16,50,
175,,,D17,50,
175,,,D18,50,
175,,,D19,50,
175,,,D20,50,
175,,,D21,50,
175,,,D22,50,
175,,,D23,50,
175,,,D24,50,
175,,,E1,50,
175,,,E2,50,
175,,,E3,50,
175,,,E4,50,
175,,,E5,50,
175,,,E6,50,
175,,,E7,50,
175,,,E8,50,
175,,,E9,50,
175,,,E10,50,
175,,,E11,50,
175,,,E12,50,
175,,,E13,50,
175,,,E14,50,
175,,,E15,50,
175,,,E16,50,
175,,,E17,50,
175,,,E18,50,
175,,,E19,50,
175,,,E20,50,
175,,,E21,50,
175,,,E22,50,
175,,,E23,50,
175,,,E24,50,
175,,,F1,50,
175,,,F2,50,
175,,,F3,50,
175,,,F4,50,
175,,,F5,50,
175,,,F6,50,
175,,,F7,50,
175,,,F8,50,
175,,,F9,50,
175,,,F10,50,
175,,,F11,50,
175,,,F12,50,
175,,,F13,50,
175,,,F14,50,
175,,,F15,50,
175,,,F16,50,
175,,,F17,50,
175,,,F18,50,
175,,,F19,50,
175,,,F20,50,
175,,,F21,50,
175,,,F22,50,
175,,,F23,50,
175,,,F24,50,
175,,,G1,50,
175,,,G2,50,
175,,,G3,50,
175,,,G4,50,
175,,,G5,50,
175,,,G6,50,
175,,,G7,50,
175,,,G8,50,
175,,,G9,50,
175,,,G10,50,
175,,,G11,50,
175,,,G12,50,
175,,,G13,50,
175,,,G14,50,
175,,,G15,50,
175,,,G16,50,
175,,,G17,50,
175,,,G18,50,
175,,,G19,50,
175,,,G20,50,
175,,,G21,50,
175,,,G22,50,
175,,,G23,50,
175,,,G24,50,
175,,,H1,50,
175,,,H2,50,
175,,,H3,50,
175,,,H4,50,
175,,,H5,50,
175,,,H6,50,
175,,,H7,50,
175,,,H8,50,
175,,,H9,50,
175,,,H10,50,
175,,,H11,50,
175,,,H12,50,
175,,,H13,50,
175,,,H14,50,
175,,,H15,50,
175,,,H16,50,
175,,,H17,50,
175,,,H18,50,
175,,,H19,50,
175,,,H20,50,
175,,,H21,50,
175,,,H22,50,
175,,,H23,50,
175,,,H24,50,
175,,,I1,50,
175,,,I2,50,
175,,,I3,50,
175,,,I4,50,
175,,,I5,50,
175,,,I6,50,
175,,,I7,50,
175,,,I8,50,
175,,,I9,50,
175,,,I10,50,
175,,,I11,50,
175,,,I12,50,
175,,,I13,50,
175,,,I14,50,
175,,,I15,50,
175,,,I16,50,
175,,,I17,50,
175,,,I18,50,
175,,,I19,50,
175,,,I20,50,
175,,,I21,50,
175,,,I22,50,
175,,,I23,50,
175,,,I24,50,
175,,,J1,50,
175,,,J2,50,
175,,,J3,50,
175,,,J4,50,
175,,,J5,50,
175,,,J6,50,
175,,,J7,50,
175,,,J8,50,
175,,,J9,50,
175,,,J10,50,
175,,,J11,50,
175,,,J12,50,
175,,,J13,50,
175,,,J14,50,
175,,,J15,50,
175,,,J16,50,
175,,,J17,50,
175,,,J18,50,
175,,,J19,50,
175,,,J20,50,
175,,,J21,50,
175,,,J22,50,
175,,,J23,50,
175,,,J24,50,
175,,,K1,50,
175,,,K2,50,
175,,,K3,50,
175,,,K4,50,
175,,,K5,50,
175,,,K6,50,
175,,,K7,50,
175,,,K8,50,
175,,,K9,50,
175,,,K10,50,
175,,,K11,50,
175,,,K12,50,
175,,,K13,50,
175,,,K14,50,
175,,,K15,50,
175,,,K16,50,
175,,,K17,50,
175,,,K18,50,
175,,,K19,50,
175,,,K20,50,
175,,,K21,50,
175,,,K22,50,
175,,,K23,50,
175,,,K24,50,
175,,,L1,50,
175,,,L2,50,
175,,,L3,50,
175,,,L4,50,
175,,,L5,50,
175,,,L6,50,
175,,,L7,50,
175,,,L8,50,
175,,,L9,50,
175,,,L10,50,
175,,,L11,50,
175,,,L12,50,
175,,,L13,50,
175,,,L14,50,
175,,,L15,50,
175,,,L16,50,
175,,,L17,50,
175,,,L18,50,
175,,,L19,50,
175,,,L20,50,
175,,,L21,50,
175,,,L22,50,
175,,,L23,50,
175,,,L24,50,
175,,,M1,50,
175,,,M2,50,
175,,,M3,50,
175,,,M4,50,
175,,,M5,50,
175,,,M6,50,
175,,,M7,50,
175,,,M8,50,
175,,,M9,50,
175,,,M10,50,
175,,,M11,50,
175,,,M12,50,
175,,,M13,50,
175,,,M14,50,
175,,,M15,50,
175,,,M16,50,
175,,,M17,50,
175,,,M18,50,
175,,,M19,50,
175,,,M20,50,
175,,,M21,50,
175,,,M22,50,
175,,,M23,50,
175,,,M24,50,
175,,,N1,50,
175,,,N2,50,
175,,,N3,50,
175,,,N4,50,
175,,,N5,50,
175,,,N6,50,
175,,,N7,50,
175,,,N8,50,
175,,,N9,50,
175,,,N10,50,
175,,,N11,50,
175,,,N12,50,
175,,,N13,50,
175,,,N14,50,
175,,,N15,50,
175,,,N16,50,
175,,,N17,50,
175,,,N18,50,
175,,,N19,50,
175,,,N20,50,
175,,,N21,50,
175,,,N22,50,
175,,,N23,50,
175,,,N24,50,
175,,,O1,50,
175,,,O2,50,
175,,,O3,50,
175,,,O4,50,
175,,,O5,50,
175,,,O6,50,
175,,,O7,50,
175,,,O8,50,
175,,,O9,50,
175,,,O10,50,
175,,,O11,50,
175,,,O12,50,
175,,,O13,50,
175,,,O14,50,
175,,,O15,50,
175,,,O16,50,
175,,,O17,50,
175,,,O18,50,
175,,,O19,50,
175,,,O20,50,
175,,,O21,50,
175,,,O22,50,
175,,,O23,50,
175,,,O24,50,
175,,,P1,50,
175,,,P2,50,
175,,,P3,50,
175,,,P4,50,
175,,,P5,50,
175,,,P6,50,
175,,,P7,50,
175,,,P8,50,
175,,,P9,50,
175,,,P10,50,
175,,,P11,50,
175,,,P12,50,
175,,,P13,50,
175,,,P14,50,
175,,,P15,50,
175,,,P16,50,
175,,,P17,50,
175,,,P18,50,
175,,,P19,50,
175,,,P20,50,
175,,,P21,50,
175,,,P22,50,
175,,,P23,50,
175,,,P24,50,
176,,,A1,0,
177,,,A1,50,
177,,,A2,50,
177,,,A3,50,
177,,,A4,50,
177,,,A5,50,
177,,,A6,50,
177,,,A7,50,
177,,,A8,50,
177,,,A9,50,
177,,,A10,50,
177,,,A11,50,
177,,,A12,50,
177,,,A13,50,
177,,,A14,50,
177,,,A15,50,
177,,,A16,50,
177,,,A17,50,
177,,,A18,50,
177,,,A19,50,
177,,,A20,50,
177,,,A21,50,
177,,,A22,50,
177,,,A23,50,
177,,,A24,50,
177,,,B1,50,
177,,,B2,50,
177,,,B3,50,
177,,,B4,50,
177,,,B5,50,
177,,,B6,50,
177,,,B7,50,
177,,,B8,50,
177,,,B9,50,
177,,,B10,50,
177,,,B11,50,
177,,,B12,50,
177,,,B13,50,
177,,,B14,50,
177,,,B15,50,
177,,,B16,50,
177,,,B17,50,
177,,,B18,50,
177,,,B19,50,
177,,,B20,50,
177,,,B21,50,
177,,,B22,50,
177,,,B23,50,
177,,,B24,50,
177,,,C1,50,
177,,,C2,50,
177,,,C3,50,
177,,,C4,50,
177,,,C5,50,
177,,,C6,50,
177,,,C7,50,
177,,,C8,50,
177,,,C9,50,
177,,,C10,50,
177,,,C11,50,
177,,,C12,50,
177,,,C13,50,
177,,,C14,50,
177,,,C15,50,
177,,,C16,50,
177,,,C17,50,
177,,,C18,50,
177,,,C19,50,
177,,,C20,50,
177,,,C21,50,
177,,,C22,50,
177,,,C23,50,
177,,,C24,50,
177,,,D1,50,
177,,,D2,50,
177,,,D3,50,
177,,,D4,50,
177,,,D5,50,
177,,,D6,50,
177,,,D7,50,
177,,,D8,50,
177,,,D9,50,
177,,,D10,50,
177,,,D11,50,
177,,,D12,50,
177,,,D13,50,
177,,,D14,50,
177,,,D15,50,
177,,,D16,50,
177,,,D17,50,
177,,,D18,50,
177,,,D19,50,
177,,,D20,50,
177,,,D21,50,
177,,,D22,50,
177,,,D23,50,
177,,,D24,50,
177,,,E1,50,
177,,,E2,50,
177,,,E3,50,
177,,,E4,50,
177,,,E5,50,
177,,,E6,50,
177,,,E7,50,
177,,,E8,50,
177,,,E9,50,
177,,,E10,50,
177,,,E11,50,
177,,,E12,50,
177,,,E13,50,
177,,,E14,50,
177,,,E15,50,
177,,,E16,50,
177,,,E17,50,
177,,,E18,50,
177,,,E19,50,
177,,,E20,50,
177,,,E21,50,
177,,,E22,50,
177,,,E23,50,
177,,,E24,50,
177,,,F1,50,
177,,,F2,50,
177,,,F3,50,
177,,,F4,50,
177,,,F5,50,
177,,,F6,50,
177,,,F7,50,
177,,,F8,50,
177,,,F9,50,
177,,,F10,50,
177,,,F11,50,
177,,,F12,50,
177,,,F13,50,
177,,,F14,50,
177,,,F15,50,
177,,,F16,50,
177,,,F17,50,
177,,,F18,50,
177,,,F19,50,
177,,,F20,50,
177,,,F21,50,
177,,,F22,50,
177,,,F23,50,
177,,,F24,50,
177,,,G1,50,
177,,,G2,50,
177,,,G3,50,
177,,,G4,50,
177,,,G5,50,
177,,,G6,50,
177,,,G7,50,
177,,,G8,50,
177,,,G9,50,
177,,,G10,50,
177,,,G11,50,
177,,,G12,50,
177,,,G13,50,
177,,,G14,50,
177,,,G15,50,
177,,,G16,50,
177,,,G17,50,
177,,,G18,50,
177,,,G19,50,
177,,,G20,50,
177,,,G21,50,
177,,,G22,50,
177,,,G23,50,
177,,,G24,50,
177,,,H1,50,
177,,,H2,50,
177,,,H3,50,
177,,,H4,50,
177,,,H5,50,
177,,,H6,50,
177,,,H7,50,
177,,,H8,50,
177,,,H9,50,
177,,,H10,50,
177,,,H11,50,
177,,,H12,50,
177,,,H13,50,
177,,,H14,50,
177,,,H15,50,
177,,,H16,50,
177,,,H17,50,
177,,,H18,50,
177,,,H19,50,
177,,,H20,50,
177,,,H21,50,
177,,,H22,50,
177,,,H23,50,
177,,,H24,50,
177,,,I1,50,
177,,,I2,50,
177,,,I3,50,
177,,,I4,50,
177,,,I5,50,
177,,,I6,50,
177,,,I7,50,
177,,,I8,50,
177,,,I9,50,
177,,,I10,50,
177,,,I11,50,
177,,,I12,50,
177,,,I13,50,
177,,,I14,50,
177,,,I15,50,
177,,,I16,50,
177,,,I17,50,
177,,,I18,50,
177,,,I19,50,
177,,,I20,50,
177,,,I21,50,
177,,,I22,50,
177,,,I23,50,
177,,,I24,50,
177,,,J1,50,
177,,,J2,50,
177,,,J3,50,
177,,,J4,50,
177,,,J5,50,
177,,,J6,50,
177,,,J7,50,
177,,,J8,50,
177,,,J9,50,
177,,,J10,50,
177,,,J11,50,
177,,,J12,50,
177,,,J13,50,
177,,,J14,50,
177,,,J15,50,
177,,,J16,50,
177,,,J17,50,
177,,,J18,50,
177,,,J19,50,
177,,,J20,50,
177,,,J21,50,
177,,,J22,50,
177,,,J23,50,
177,,,J24,50,
177,,,K1,50,
177,,,K2,50,
177,,,K3,50,
177,,,K4,50,
177,,,K5,50,
177,,,K6,50,
177,,,K7,50,
177,,,K8,50,
177,,,K9,50,
177,,,K10,50,
177,,,K11,50,
177,,,K12,50,
177,,,K13,50,
177,,,K14,50,
177,,,K15,50,
177,,,K16,50,
177,,,K17,50,
177,,,K18,50,
177,,,K19,50,
177,,,K20,50,
177,,,K21,50,
177,,,K22,50,
177,,,K23,50,
177,,,K24,50,
177,,,L1,50,
177,,,L2,50,
177,,,L3,50,
177,,,L4,50,
177,,,L5,50,
177,,,L6,50,
177,,,L7,50,
177,,,L8,50,
177,,,L9,50,
177,,,L10,50,
177,,,L11,50,
177,,,L12,50,
177,,,L13,50,
177,,,L14,50,
177,,,L15,50,
177,,,L16,50,
177,,,L17,50,
177,,,L18,50,
177,,,L19,50,
177,,,L20,50,
177,,,L21,50,
177,,,L22,50,
177,,,L23,50,
177,,,L24,50,
177,,,M1,50,
177,,,M2,50,
177,,,M3,50,
177,,,M4,50,
177,,,M5,50,
177,,,M6,50,
177,,,M7,50,
177,,,M8,50,
177,,,M9,50,
177,,,M10,50,
177,,,M11,50,
177,,,M12,50,
177,,,M13,50,
177,,,M14,50,
177,,,M15,50,
177,,,M16,50,
177,,,M17,50,
177,,,M18,50,
177,,,M19,50,
177,,,M20,50,
177,,,M21,50,
177,,,M22,50,
177,,,M23,50,
177,,,M24,50,
177,,,N1,50,
177,,,N2,50,
177,,,N3,50,
177,,,N4,50,
177,,,N5,50,
177,,,N6,50,
177,,,N7,50,
177,,,N8,50,
177,,,N9,50,
177,,,N10,50,
177,,,N11,50,
177,,,N12,50,
177,,,N13,50,
177,,,N14,50,
177,,,N15,50,
177,,,N16,50,
177,,,N17,50,
177,,,N18,50,
177,,,N19,50,
177,,,N20,50,
177,,,N21,50,
177,,,N22,50,
177,,,N23,50,
177,,,N24,50,
177,,,O1,50,
177,,,O2,50,
177,,,O3,50,
177,,,O4,50,
177,,,O5,50,
177,,,O6,50,
177,,,O7,50,
177,,,O8,50,
177,,,O9,50,
177,,,O10,50,
177,,,O11,50,
177,,,O12,50,
177,,,O13,50,
177,,,O14,50,
177,,,O15,50,
177,,,O16,50,
177,,,O17,50,
177,,,O18,50,
177,,,O19,50,
177,,,O20,50,
177,,,O21,50,
177,,,O22,50,
177,,,O23,50,
177,,,O24,50,
177,,,P1,50,
177,,,P2,50,
177,,,P3,50,
177,,,P4,50,
177,,,P5,50,
177,,,P6,50,
177,,,P7,50,
177,,,P8,50,
177,,,P9,50,
177,,,P10,50,
177,,,P11,50,
177,,,P12,50,
177,,,P13,50,
177,,,P14,50,
177,,,P15,50,
177,,,P16,50,
177,,,P17,50,
177,,,P18,50,
177,,,P19,50,
177,,,P20,50,
177,,,P21,50,
177,,,P22,50,
177,,,P23,50,
177,,,P24,50,
178,,,A1,0,
179,,,A1,50,
179,,,A2,50,
179,,,A3,50,
179,,,A4,50,
179,,,A5,50,
179,,,A6,50,
179,,,A7,50,
179,,,A8,50,
179,,,A9,50,
179,,,A10,50,
179,,,A11,50,
179,,,A12,50,
179,,,A13,50,
179,,,A14,50,
179,,,A15,50,
179,,,A16,50,
179,,,A17,50,
179,,,A18,50,
179,,,A19,50,
179,,,A20,50,
179,,,A21,50,
179,,,A22,50,
179,,,A23,50,
179,,,A24,50,
179,,,B1,50,
179,,,B2,50,
179,,,B3,50,
179,,,B4,50,
179,,,B5,50,
179,,,B6,50,
179,,,B7,50,
179,,,B8,50,
179,,,B9,50,
179,,,B10,50,
179,,,B11,50,
179,,,B12,50,
179,,,B13,50,
179,,,B14,50,
179,,,B15,50,
179,,,B16,50,
179,,,B17,50,
179,,,B18,50,
179,,,B19,50,
179,,,B20,50,
179,,,B21,50,
179,,,B22,50,
179,,,B23,50,
179,,,B24,50,
179,,,C1,50,
179,,,C2,50,
179,,,C3,50,
179,,,C4,50,
179,,,C5,50,
179,,,C6,50,
179,,,C7,50,
179,,,C8,50,
179,,,C9,50,
179,,,C10,50,
179,,,C11,50,
179,,,C12,50,
179,,,C13,50,
179,,,C14,50,
179,,,C15,50,
179,,,C16,50,
179,,,C17,50,
179,,,C18,50,
179,,,C19,50,
179,,,C20,50,
179,,,C21,50,
179,,,C22,50,
179,,,C23,50,
179,,,C24,50,
179,,,D1,50,
179,,,D2,50,
179,,,D3,50,
179,,,D4,50,
179,,,D5,50,
179,,,D6,50,
179,,,D7,50,
179,,,D8,50,
179,,,D9,50,
179,,,D10,50,
179,,,D11,50,
179,,,D12,50,
179,,,D13,50,
179,,,D14,50,
179,,,D15,50,
179,,,D16,50,
179,,,D17,50,
179,,,D18,50,
179,,,D19,50,
179,,,D20,50,
179,,,D21,50,
179,,,D22,50,
179,,,D23,50,
179,,,D24,50,
179,,,E1,50,
179,,,E2,50,
179,,,E3,50,
179,,,E4,50,
179,,,E5,50,
179,,,E6,50,
179,,,E7,50,
179,,,E8,50,
179,,,E9,50,
179,,,E10,50,
179,,,E11,50,
179,,,E12,50,
179,,,E13,50,
179,,,E14,50,
179,,,E15,50,
179,,,E16,50,
179,,,E17,50,
179,,,E18,50,
179,,,E19,50,
179,,,E20,50,
179,,,E21,50,
179,,,E22,50,
179,,,E23,50,
179,,,E24,50,
179,,,F1,50,
179,,,F2,50,
179,,,F3,50,
179,,,F4,50,
179,,,F5,50,
179,,,F6,50,
179,,,F7,50,
179,,,F8,50,
179,,,F9,50,
179,,,F10,50,
179,,,F11,50,
179,,,F12,50,
179,,,F13,50,
179,,,F14,50,
179,,,F15,50,
179,,,F16,50,
179,,,F17,50,
179,,,F18,50,
179,,,F19,50,
179,,,F20,50,
179,,,F21,50,
179,,,F22,50,
179,,,F23,50,
179,,,F24,50,
179,,,G1,50,
179,,,G2,50,
179,,,G3,50,
179,,,G4,50,
179,,,G5,50,
179,,,G6,50,
179,,,G7,50,
179,,,G8,50,
179,,,G9,50,
179,,,G10,50,
179,,,G11,50,
179,,,G12,50,
179,,,G13,50,
179,,,G14,50,
179,,,G15,50,
179,,,G16,50,
179,,,G17,50,
179,,,G18,50,
179,,,G19,50,
179,,,G20,50,
179,,,G21,50,
179,,,G22,50,
179,,,G23,50,
179,,,G24,50,
179,,,H1,50,
179,,,H2,50,
179,,,H3,50,
179,,,H4,50,
179,,,H5,50,
179,,,H6,50,
179,,,H7,50,
179,,,H8,50,
179,,,H9,50,
179,,,H10,50,
179,,,H11,50,
179,,,H12,50,
179,,,H13,50,
179,,,H14,50,
179,,,H15,50,
179,,,H16,50,
179,,,H17,50,
179,,,H18,50,
179,,,H19,50,
179,,,H20,50,
179,,,H21,50,
179,,,H22,50,
179,,,H23,50,
179,,,H24,50,
179,,,I1,50,
179,,,I2,50,
179,,,I3,50,
179,,,I4,50,
179,,,I5,50,
179,,,I6,50,
179,,,I7,50,
179,,,I8,50,
179,,,I9,50,
179,,,I10,50,
179,,,I11,50,
179,,,I12,50,
179,,,I13,50,
179,,,I14,50,
179,,,I15,50,
179,,,I16,50,
179,,,I17,50,
179,,,I18,50,
179,,,I19,50,
179,,,I20,50,
179,,,I21,50,
179,,,I22,50,
179,,,I23,50,
179,,,I24,50,
179,,,J1,50,
179,,,J2,50,
179,,,J3,50,
179,,,J4,50,
179,,,J5,50,
179,,,J6,50,
179,,,J7,50,
179,,,J8,50,
179,,,J9,50,
179,,,J10,50,
179,,,J11,50,
179,,,J12,50,
179,,,J13,50,
179,,,J14,50,
179,,,J15,50,
179,,,J16,50,
179,,,J17,50,
179,,,J18,50,
179,,,J19,50,
179,,,J20,50,
179,,,J21,50,
179,,,J22,50,
179,,,J23,50,
179,,,J24,50,
179,,,K1,50,
179,,,K2,50,
179,,,K3,50,
179,,,K4,50,
179,,,K5,50,
179,,,K6,50,
179,,,K7,50,
179,,,K8,50,
179,,,K9,50,
179,,,K10,50,
179,,,K11,50,
179,,,K12,50,
179,,,K13,50,
179,,,K14,50,
179,,,K15,50,
179,,,K16,50,
179,,,K17,50,
179,,,K18,50,
179,,,K19,50,
179,,,K20,50,
179,,,K21,50,
179,,,K22,50,
179,,,K23,50,
179,,,K24,50,
179,,,L1,50,
179,,,L2,50,
179,,,L3,50,
179,,,L4,50,
179,,,L5,50,
179,,,L6,50,
179,,,L7,50,
179,,,L8,50,
179,,,L9,50,
179,,,L10,50,
179,,,L11,50,
179,,,L12,50,
179,,,L13,50,
179,,,L14,50,
179,,,L15,50,
179,,,L16,50,
179,,,L17,50,
179,,,L18,50,
179,,,L19,50,
179,,,L20,50,
179,,,L21,50,
179,,,L22,50,
179,,,L23,50,
179,,,L24,50,
179,,,M1,50,
179,,,M2,50,
179,,,M3,50,
179,,,M4,50,
179,,,M5,50,
179,,,M6,50,
179,,,M7,50,
179,,,M8,50,
179,,,M9,50,
179,,,M10,50,
179,,,M11,50,
179,,,M12,50,
179,,,M13,50,
179,,,M14,50,
179,,,M15,50,
179,,,M16,50,
179,,,M17,50,
179,,,M18,50,
179,,,M19,50,
179,,,M20,50,
179,,,M21,50,
179,,,M22,50,
179,,,M23,50,
179,,,M24,50,
179,,,N1,50,
179,,,N2,50,
179,,,N3,50,
179,,,N4,50,
179,,,N5,50,
179,,,N6,50,
179,,,N7,50,
179,,,N8,50,
179,,,N9,50,
179,,,N10,50,
179,,,N11,50,
179,,,N12,50,
179,,,N13,50,
179,,,N14,50,
179,,,N15,50,
179,,,N16,50,
179,,,N17,50,
179,,,N18,50,
179,,,N19,50,
179,,,N20,50,
179,,,N21,50,
179,,,N22,50,
179,,,N23,50,
179,,,N24,50,
179,,,O1,50,
179,,,O2,50,
179,,,O3,50,
179,,,O4,50,
179,,,O5,50,
179,,,O6,50,
179,,,O7,50,
179,,,O8,50,
179,,,O9,50,
179,,,O10,50,
179,,,O11,50,
179,,,O12,50,
179,,,O13,50,
179,,,O14,50,
179,,,O15,50,
179,,,O16,50,
179,,,O17,50,
179,,,O18,50,
179,,,O19,50,
179,,,O20,50,
179,,,O21,50,
179,,,O22,50,
179,,,O23,50,
179,,,O24,50,
179,,,P1,50,
179,,,P2,50,
179,,,P3,50,
179,,,P4,50,
179,,,P5,50,
179,,,P6,50,
179,,,P7,50,
179,,,P8,50,
179,,,P9,50,
179,,,P10,50,
179,,,P11,50,
179,,,P12,50,
179,,,P13,50,
179,,,P14,50,
179,,,P15,50,
179,,,P16,50,
179,,,P17,50,
179,,,P18,50,
179,,,P19,50,
179,,,P20,50,
179,,,P21,50,
179,,,P22,50,
179,,,P23,50,
179,,,P24,50,
180,,,A1,0,
181,,,A1,50,
181,,,A2,50,
181,,,A3,50,
181,,,A4,50,
181,,,A5,50,
181,,,A6,50,
181,,,A7,50,
181,,,A8,50,
181,,,A9,50,
181,,,A10,50,
181,,,A11,50,
181,,,A12,50,
181,,,A13,50,
181,,,A14,50,
181,,,A15,50,
181,,,A16,50,
181,,,A17,50,
181,,,A18,50,
181,,,A19,50,
181,,,A20,50,
181,,,A21,50,
181,,,A22,50,
181,,,A23,50,
181,,,A24,50,
181,,,B1,50,
181,,,B2,50,
181,,,B3,50,
181,,,B4,50,
181,,,B5,50,
181,,,B6,50,
181,,,B7,50,
181,,,B8,50,
181,,,B9,50,
181,,,B10,50,
181,,,B11,50,
181,,,B12,50,
181,,,B13,50,
181,,,B14,50,
181,,,B15,50,
181,,,B16,50,
181,,,B17,50,
181,,,B18,50,
181,,,B19,50,
181,,,B20,50,
181,,,B21,50,
181,,,B22,50,
181,,,B23,50,
181,,,B24,50,
181,,,C1,50,
181,,,C2,50,
181,,,C3,50,
181,,,C4,50,
181,,,C5,50,
181,,,C6,50,
181,,,C7,50,
181,,,C8,50,
181,,,C9,50,
181,,,C10,50,
181,,,C11,50,
181,,,C12,50,
181,,,C13,50,
181,,,C14,50,
181,,,C15,50,
181,,,C16,50,
181,,,C17,50,
181,,,C18,50,
181,,,C19,50,
181,,,C20,50,
181,,,C21,50,
181,,,C22,50,
181,,,C23,50,
181,,,C24,50,
181,,,D1,50,
181,,,D2,50,
181,,,D3,50,
181,,,D4,50,
181,,,D5,50,
181,,,D6,50,
181,,,D7,50,
181,,,D8,50,
181,,,D9,50,
181,,,D10,50,
181,,,D11,50,
181,,,D12,50,
181,,,D13,50,
181,,,D14,50,
181,,,D15,50,
181,,,D16,50,
181,,,D17,50,
181,,,D18,50,
181,,,D19,50,
181,,,D20,50,
181,,,D21,50,
181,,,D22,50,
181,,,D23,50,
181,,,D24,50,
181,,,E1,50,
181,,,E2,50,
181,,,E3,50,
181,,,E4,50,
181,,,E5,50,
181,,,E6,50,
181,,,E7,50,
181,,,E8,50,
181,,,E9,50,
181,,,E10,50,
181,,,E11,50,
181,,,E12,50,
181,,,E13,50,
181,,,E14,50,
181,,,E15,50,
181,,,E16,50,
181,,,E17,50,
181,,,E18,50,
181,,,E19,50,
181,,,E20,50,
181,,,E21,50,
181,,,E22,50,
181,,,E23,50,
181,,,E24,50,
181,,,F1,50,
181,,,F2,50,
181,,,F3,50,
181,,,F4,50,
181,,,F5,50,
181,,,F6,50,
181,,,F7,50,
181,,,F8,50,
181,,,F9,50,
181,,,F10,50,
181,,,F11,50,
181,,,F12,50,
181,,,F13,50,
181,,,F14,50,
181,,,F15,50,
181,,,F16,50,
181,,,F17,50,
181,,,F18,50,
181,,,F19,50,
181,,,F20,50,
181,,,F21,50,
181,,,F22,50,
181,,,F23,50,
181,,,F24,50,
181,,,G1,50,
181,,,G2,50,
181,,,G3,50,
181,,,G4,50,
181,,,G5,50,
181,,,G6,50,
181,,,G7,50,
181,,,G8,50,
181,,,G9,50,
181,,,G10,50,
181,,,G11,50,
181,,,G12,50,
181,,,G13,50,
181,,,G14,50,
181,,,G15,50,
181,,,G16,50,
181,,,G17,50,
181,,,G18,50,
181,,,G19,50,
181,,,G20,50,
181,,,G21,50,
181,,,G22,50,
181,,,G23,50,
181,,,G24,50,
181,,,H1,50,
181,,,H2,50,
181,,,H3,50,
181,,,H4,50,
181,,,H5,50,
181,,,H6,50,
181,,,H7,50,
181,,,H8,50,
181,,,H9,50,
181,,,H10,50,
181,,,H11,50,
181,,,H12,50,
181,,,H13,50,
181,,,H14,50,
181,,,H15,50,
181,,,H16,50,
181,,,H17,50,
181,,,H18,50,
181,,,H19,50,
181,,,H20,50,
181,,,H21,50,
181,,,H22,50,
181,,,H23,50,
181,,,H24,50,
181,,,I1,50,
181,,,I2,50,
181,,,I3,50,
181,,,I4,50,
181,,,I5,50,
181,,,I6,50,
181,,,I7,50,
181,,,I8,50,
181,,,I9,50,
181,,,I10,50,
181,,,I11,50,
181,,,I12,50,
181,,,I13,50,
181,,,I14,50,
181,,,I15,50,
181,,,I16,50,
181,,,I17,50,
181,,,I18,50,
181,,,I19,50,
181,,,I20,50,
181,,,I21,50,
181,,,I22,50,
181,,,I23,50,
181,,,I24,50,
181,,,J1,50,
181,,,J2,50,
181,,,J3,50,
181,,,J4,50,
181,,,J5,50,
181,,,J6,50,
181,,,J7,50,
181,,,J8,50,
181,,,J9,50,
181,,,J10,50,
181,,,J11,50,
181,,,J12,50,
181,,,J13,50,
181,,,J14,50,
181,,,J15,50,
181,,,J16,50,
181,,,J17,50,
181,,,J18,50,
181,,,J19,50,
181,,,J20,50,
181,,,J21,50,
181,,,J22,50,
181,,,J23,50,
181,,,J24,50,
181,,,K1,50,
181,,,K2,50,
181,,,K3,50,
181,,,K4,50,
181,,,K5,50,
181,,,K6,50,
181,,,K7,50,
181,,,K8,50,
181,,,K9,50,
181,,,K10,50,
181,,,K11,50,
181,,,K12,50,
181,,,K13,50,
181,,,K14,50,
181,,,K15,50,
181,,,K16,50,
181,,,K17,50,
181,,,K18,50,
181,,,K19,50,
181,,,K20,50,
181,,,K21,50,
181,,,K22,50,
181,,,K23,50,
181,,,K24,50,
181,,,L1,50,
181,,,L2,50,
181,,,L3,50,
181,,,L4,50,
181,,,L5,50,
181,,,L6,50,
181,,,L7,50,
181,,,L8,50,
181,,,L9,50,
181,,,L10,50,
181,,,L11,50,
181,,,L12,50,
181,,,L13,50,
181,,,L14,50,
181,,,L15,50,
181,,,L16,50,
181,,,L17,50,
181,,,L18,50,
181,,,L19,50,
181,,,L20,50,
181,,,L21,50,
181,,,L22,50,
181,,,L23,50,
181,,,L24,50,
181,,,M1,50,
181,,,M2,50,
181,,,M3,50,
181,,,M4,50,
181,,,M5,50,
181,,,M6,50,
181,,,M7,50,
181,,,M8,50,
181,,,M9,50,
181,,,M10,50,
181,,,M11,50,
181,,,M12,50,
181,,,M13,50,
181,,,M14,50,
181,,,M15,50,
181,,,M16,50,
181,,,M17,50,
181,,,M18,50,
181,,,M19,50,
181,,,M20,50,
181,,,M21,50,
181,,,M22,50,
181,,,M23,50,
181,,,M24,50,
181,,,N1,50,
181,,,N2,50,
181,,,N3,50,
181,,,N4,50,
181,,,N5,50,
181,,,N6,50,
181,,,N7,50,
181,,,N8,50,
181,,,N9,50,
181,,,N10,50,
181,,,N11,50,
181,,,N12,50,
181,,,N13,50,
181,,,N14,50,
181,,,N15,50,
181,,,N16,50,
181,,,N17,50,
181,,,N18,50,
181,,,N19,50,
181,,,N20,50,
181,,,N21,50,
181,,,N22,50,
181,,,N23,50,
181,,,N24,50,
181,,,O1,50,
181,,,O2,50,
181,,,O3,50,
181,,,O4,50,
181,,,O5,50,
181,,,O6,50,
181,,,O7,50,
181,,,O8,50,
181,,,O9,50,
181,,,O10,50,
181,,,O11,50,
181,,,O12,50,
181,,,O13,50,
181,,,O14,50,
181,,,O15,50,
181,,,O16,50,
181,,,O17,50,
181,,,O18,50,
181,,,O19,50,
181,,,O20,50,
181,,,O21,50,
181,,,O22,50,
181,,,O23,50,
181,,,O24,50,
181,,,P1,50,
181,,,P2,50,
181,,,P3,50,
181,,,P4,50,
181,,,P5,50,
181,,,P6,50,
181,,,P7,50,
181,,,P8,50,
181,,,P9,50,
181,,,P10,50,
181,,,P11,50,
181,,,P12,50,
181,,,P13,50,
181,,,P14,50,
181,,,P15,50,
181,,,P16,50,
181,,,P17,50,
181,,,P18,50,
181,,,P19,50,
181,,,P20,50,
181,,,P21,50,
181,,,P22,50,
181,,,P23,50,
181,,,P24,50,
182,,,A1,0,
183,,,A1,50,
183,,,A2,50,
183,,,A3,50,
183,,,A4,50,
183,,,A5,50,
183,,,A6,50,
183,,,A7,50,
183,,,A8,50,
183,,,A9,50,
183,,,A10,50,
183,,,A11,50,
183,,,A12,50,
183,,,A13,50,
183,,,A14,50,
183,,,A15,50,
183,,,A16,50,
183,,,A17,50,
183,,,A18,50,
183,,,A19,50,
183,,,A20,50,
183,,,A21,50,
183,,,A22,50,
183,,,A23,50,
183,,,A24,50,
183,,,B1,50,
183,,,B2,50,
183,,,B3,50,
183,,,B4,50,
183,,,B5,50,
183,,,B6,50,
183,,,B7,50,
183,,,B8,50,
183,,,B9,50,
183,,,B10,50,
183,,,B11,50,
183,,,B12,50,
183,,,B13,50,
183,,,B14,50,
183,,,B15,50,
183,,,B16,50,
183,,,B17,50,
183,,,B18,50,
183,,,B19,50,
183,,,B20,50,
183,,,B21,50,
183,,,B22,50,
183,,,B23,50,
183,,,B24,50,
183,,,C1,50,
183,,,C2,50,
183,,,C3,50,
183,,,C4,50,
183,,,C5,50,
183,,,C6,50,
183,,,C7,50,
183,,,C8,50,
183,,,C9,50,
183,,,C10,50,
183,,,C11,50,
183,,,C12,50,
183,,,C13,50,
183,,,C14,50,
183,,,C15,50,
183,,,C16,50,
183,,,C17,50,
183,,,C18,50,
183,,,C19,50,
183,,,C20,50,
183,,,C21,50,
183,,,C22,50,
183,,,C23,50,
183,,,C24,50,
183,,,D1,50,
183,,,D2,50,
183,,,D3,50,
183,,,D4,50,
183,,,D5,50,
183,,,D6,50,
183,,,D7,50,
183,,,D8,50,
183,,,D9,50,
183,,,D10,50,
183,,,D11,50,
183,,,D12,50,
183,,,D13,50,
183,,,D14,50,
183,,,D15,50,
183,,,D16,50,
183,,,D17,50,
183,,,D18,50,
183,,,D19,50,
183,,,D20,50,
183,,,D21,50,
183,,,D22,50,
183,,,D23,50,
183,,,D24,50,
183,,,E1,50,
183,,,E2,50,
183,,,E3,50,
183,,,E4,50,
183,,,E5,50,
183,,,E6,50,
183,,,E7,50,
183,,,E8,50,
183,,,E9,50,
183,,,E10,50,
183,,,E11,50,
183,,,E12,50,
183,,,E13,50,
183,,,E14,50,
183,,,E15,50,
183,,,E16,50,
183,,,E17,50,
183,,,E18,50,
183,,,E19,50,
183,,,E20,50,
183,,,E21,50,
183,,,E22,50,
183,,,E23,50,
183,,,E24,50,
183,,,F1,50,
183,,,F2,50,
183,,,F3,50,
183,,,F4,50,
183,,,F5,50,
183,,,F6,50,
183,,,F7,50,
183,,,F8,50,
183,,,F9,50,
183,,,F10,50,
183,,,F11,50,
183,,,F12,50,
183,,,F13,50,
183,,,F14,50,
183,,,F15,50,
183,,,F16,50,
183,,,F17,50,
183,,,F18,50,
183,,,F19,50,
183,,,F20,50,
183,,,F21,50,
183,,,F22,50,
183,,,F23,50,
183,,,F24,50,
183,,,G1,50,
183,,,G2,50,
183,,,G3,50,
183,,,G4,50,
183,,,G5,50,
183,,,G6,50,
183,,,G7,50,
183,,,G8,50,
183,,,G9,50,
183,,,G10,50,
183,,,G11,50,
183,,,G12,50,
183,,,G13,50,
183,,,G14,50,
183,,,G15,50,
183,,,G16,50,
183,,,G17,50,
183,,,G18,50,
183,,,G19,50,
183,,,G20,50,
183,,,G21,50,
183,,,G22,50,
183,,,G23,50,
183,,,G24,50,
183,,,H1,50,
183,,,H2,50,
183,,,H3,50,
183,,,H4,50,
183,,,H5,50,
183,,,H6,50,
183,,,H7,50,
183,,,H8,50,
183,,,H9,50,
183,,,H10,50,
183,,,H11,50,
183,,,H12,50,
183,,,H13,50,
183,,,H14,50,
183,,,H15,50,
183,,,H16,50,
183,,,H17,50,
183,,,H18,50,
183,,,H19,50,
183,,,H20,50,
183,,,H21,50,
183,,,H22,50,
183,,,H23,50,
183,,,H24,50,
183,,,I1,50,
183,,,I2,50,
183,,,I3,50,
183,,,I4,50,
183,,,I5,50,
183,,,I6,50,
183,,,I7,50,
183,,,I8,50,
183,,,I9,50,
183,,,I10,50,
183,,,I11,50,
183,,,I12,50,
183,,,I13,50,
183,,,I14,50,
183,,,I15,50,
183,,,I16,50,
183,,,I17,50,
183,,,I18,50,
183,,,I19,50,
183,,,I20,50,
183,,,I21,50,
183,,,I22,50,
183,,,I23,50,
183,,,I24,50,
183,,,J1,50,
183,,,J2,50,
183,,,J3,50,
183,,,J4,50,
183,,,J5,50,
183,,,J6,50,
183,,,J7,50,
183,,,J8,50,
183,,,J9,50,
183,,,J10,50,
183,,,J11,50,
183,,,J12,50,
183,,,J13,50,
183,,,J14,50,
183,,,J15,50,
183,,,J16,50,
183,,,J17,50,
183,,,J18,50,
183,,,J19,50,
183,,,J20,50,
183,,,J21,50,
183,,,J22,50,
183,,,J23,50,
183,,,J24,50,
183,,,K1,50,
183,,,K2,50,
183,,,K3,50,
183,,,K4,50,
183,,,K5,50,
183,,,K6,50,
183,,,K7,50,
183,,,K8,50,
183,,,K9,50,
183,,,K10,50,
183,,,K11,50,
183,,,K12,50,
183,,,K13,50,
183,,,K14,50,
183,,,K15,50,
183,,,K16,50,
183,,,K17,50,
183,,,K18,50,
183,,,K19,50,
183,,,K20,50,
183,,,K21,50,
183,,,K22,50,
183,,,K23,50,
183,,,K24,50,
183,,,L1,50,
183,,,L2,50,
183,,,L3,50,
183,,,L4,50,
183,,,L5,50,
183,,,L6,50,
183,,,L7,50,
183,,,L8,50,
183,,,L9,50,
183,,,L10,50,
183,,,L11,50,
183,,,L12,50,
183,,,L13,50,
183,,,L14,50,
183,,,L15,50,
183,,,L16,50,
183,,,L17,50,
183,,,L18,50,
183,,,L19,50,
183,,,L20,50,
183,,,L21,50,
183,,,L22,50,
183,,,L23,50,
183,,,L24,50,
183,,,M1,50,
183,,,M2,50,
183,,,M3,50,
183,,,M4,50,
183,,,M5,50,
183,,,M6,50,
183,,,M7,50,
183,,,M8,50,
183,,,M9,50,
183,,,M10,50,
183,,,M11,50,
183,,,M12,50,
183,,,M13,50,
183,,,M14,50,
183,,,M15,50,
183,,,M16,50,
183,,,M17,50,
183,,,M18,50,
183,,,M19,50,
183,,,M20,50,
183,,,M21,50,
183,,,M22,50,
183,,,M23,50,
183,,,M24,50,
183,,,N1,50,
183,,,N2,50,
183,,,N3,50,
183,,,N4,50,
183,,,N5,50,
183,,,N6,50,
183,,,N7,50,
183,,,N8,50,
183,,,N9,50,
183,,,N10,50,
183,,,N11,50,
183,,,N12,50,
183,,,N13,50,
183,,,N14,50,
183,,,N15,50,
183,,,N16,50,
183,,,N17,50,
183,,,N18,50,
183,,,N19,50,
183,,,N20,50,
183,,,N21,50,
183,,,N22,50,
183,,,N23,50,
183,,,N24,50,
183,,,O1,50,
183,,,O2,50,
183,,,O3,50,
183,,,O4,50,
183,,,O5,50,
183,,,O6,50,
183,,,O7,50,
183,,,O8,50,
183,,,O9,50,
183,,,O10,50,
183,,,O11,50,
183,,,O12,50,
183,,,O13,50,
183,,,O14,50,
183,,,O15,50,
183,,,O16,50,
183,,,O17,50,
183,,,O18,50,
183,,,O19,50,
183,,,O20,50,
183,,,O21,50,
183,,,O22,50,
183,,,O23,50,
183,,,O24,50,
183,,,P1,50,
183,,,P2,50,
183,,,P3,50,
183,,,P4,50,
183,,,P5,50,
183,,,P6,50,
183,,,P7,50,
183,,,P8,50,
183,,,P9,50,
183,,,P10,50,
183,,,P11,50,
183,,,P12,50,
183,,,P13,50,
183,,,P14,50,
183,,,P15,50,
183,,,P16,50,
183,,,P17,50,
183,,,P18,50,
183,,,P19,50,
183,,,P20,50,
183,,,P21,50,
183,,,P22,50,
183,,,P23,50,
183,,,P24,50,
184,,,A1,0,
185,,,A1,50,
185,,,A2,50,
185,,,A3,50,
185,,,A4,50,
185,,,A5,50,
185,,,A6,50,
185,,,A7,50,
185,,,A8,50,
185,,,A9,50,
185,,,A10,50,
185,,,A11,50,
185,,,A12,50,
185,,,A13,50,
185,,,A14,50,
185,,,A15,50,
185,,,A16,50,
185,,,A17,50,
185,,,A18,50,
185,,,A19,50,
185,,,A20,50,
185,,,A21,50,
185,,,A22,50,
185,,,A23,50,
185,,,A24,50,
185,,,B1,50,
185,,,B2,50,
185,,,B3,50,
185,,,B4,50,
185,,,B5,50,
185,,,B6,50,
185,,,B7,50,
185,,,B8,50,
185,,,B9,50,
185,,,B10,50,
185,,,B11,50,
185,,,B12,50,
185,,,B13,50,
185,,,B14,50,
185,,,B15,50,
185,,,B16,50,
185,,,B17,50,
185,,,B18,50,
185,,,B19,50,
185,,,B20,50,
185,,,B21,50,
185,,,B22,50,
185,,,B23,50,
185,,,B24,50,
185,,,C1,50,
185,,,C2,50,
185,,,C3,50,
185,,,C4,50,
185,,,C5,50,
185,,,C6,50,
185,,,C7,50,
185,,,C8,50,
185,,,C9,50,
185,,,C10,50,
185,,,C11,50,
185,,,C12,50,
185,,,C13,50,
185,,,C14,50,
185,,,C15,50,
185,,,C16,50,
185,,,C17,50,
185,,,C18,50,
185,,,C19,50,
185,,,C20,50,
185,,,C21,50,
185,,,C22,50,
185,,,C23,50,
185,,,C24,50,
185,,,D1,50,
185,,,D2,50,
185,,,D3,50,
185,,,D4,50,
185,,,D5,50,
185,,,D6,50,
185,,,D7,50,
185,,,D8,50,
185,,,D9,50,
185,,,D10,50,
185,,,D11,50,
185,,,D12,50,
185,,,D13,50,
185,,,D14,50,
185,,,D15,50,
185,,,D16,50,
185,,,D17,50,
185,,,D18,50,
185,,,D19,50,
185,,,D20,50,
185,,,D21,50,
185,,,D22,50,
185,,,D23,50,
185,,,D24,50,
185,,,E1,50,
185,,,E2,50,
185,,,E3,50,
185,,,E4,50,
185,,,E5,50,
185,,,E6,50,
185,,,E7,50,
185,,,E8,50,
185,,,E9,50,
185,,,E10,50,
185,,,E11,50,
185,,,E12,50,
185,,,E13,50,
185,,,E14,50,
185,,,E15,50,
185,,,E16,50,
185,,,E17,50,
185,,,E18,50,
185,,,E19,50,
185,,,E20,50,
185,,,E21,50,
185,,,E22,50,
185,,,E23,50,
185,,,E24,50,
185,,,F1,50,
185,,,F2,50,
185,,,F3,50,
185,,,F4,50,
185,,,F5,50,
185,,,F6,50,
185,,,F7,50,
185,,,F8,50,
185,,,F9,50,
185,,,F10,50,
185,,,F11,50,
185,,,F12,50,
185,,,F13,50,
185,,,F14,50,
185,,,F15,50,
185,,,F16,50,
185,,,F17,50,
185,,,F18,50,
185,,,F19,50,
185,,,F20,50,
185,,,F21,50,
185,,,F22,50,
185,,,F23,50,
185,,,F24,50,
185,,,G1,50,
185,,,G2,50,
185,,,G3,50,
185,,,G4,50,
185,,,G5,50,
185,,,G6,50,
185,,,G7,50,
185,,,G8,50,
185,,,G9,50,
185,,,G10,50,
185,,,G11,50,
185,,,G12,50,
185,,,G13,50,
185,,,G14,50,
185,,,G15,50,
185,,,G16,50,
185,,,G17,50,
185,,,G18,50,
185,,,G19,50,
185,,,G20,50,
185,,,G21,50,
185,,,G22,50,
185,,,G23,50,
185,,,G24,50,
185,,,H1,50,
185,,,H2,50,
185,,,H3,50,
185,,,H4,50,
185,,,H5,50,
185,,,H6,50,
185,,,H7,50,
185,,,H8,50,
185,,,H9,50,
185,,,H10,50,
185,,,H11,50,
185,,,H12,50,
185,,,H13,50,
185,,,H14,50,
185,,,H15,50,
185,,,H16,50,
185,,,H17,50,
185,,,H18,50,
185,,,H19,50,
185,,,H20,50,
185,,,H21,50,
185,,,H22,50,
185,,,H23,50,
185,,,H24,50,
185,,,I1,50,
185,,,I2,50,
185,,,I3,50,
185,,,I4,50,
185,,,I5,50,
185,,,I6,50,
185,,,I7,50,
185,,,I8,50,
185,,,I9,50,
185,,,I10,50,
185,,,I11,50,
185,,,I12,50,
185,,,I13,50,
185,,,I14,50,
185,,,I15,50,
185,,,I16,50,
185,,,I17,50,
185,,,I18,50,
185,,,I19,50,
185,,,I20,50,
185,,,I21,50,
185,,,I22,50,
185,,,I23,50,
185,,,I24,50,
185,,,J1,50,
185,,,J2,50,
185,,,J3,50,
185,,,J4,50,
185,,,J5,50,
185,,,J6,50,
185,,,J7,50,
185,,,J8,50,
185,,,J9,50,
185,,,J10,50,
185,,,J11,50,
185,,,J12,50,
185,,,J13,50,
185,,,J14,50,
185,,,J15,50,
185,,,J16,50,
185,,,J17,50,
185,,,J18,50,
185,,,J19,50,
185,,,J20,50,
185,,,J21,50,
185,,,J22,50,
185,,,J23,50,
185,,,J24,50,
185,,,K1,50,
185,,,K2,50,
185,,,K3,50,
185,,,K4,50,
185,,,K5,50,
185,,,K6,50,
185,,,K7,50,
185,,,K8,50,
185,,,K9,50,
185,,,K10,50,
185,,,K11,50,
185,,,K12,50,
185,,,K13,50,
185,,,K14,50,
185,,,K15,50,
185,,,K16,50,
185,,,K17,50,
185,,,K18,50,
185,,,K19,50,
185,,,K20,50,
185,,,K21,50,
185,,,K22,50,
185,,,K23,50,
185,,,K24,50,
185,,,L1,50,
185,,,L2,50,
185,,,L3,50,
185,,,L4,50,
185,,,L5,50,
185,,,L6,50,
185,,,L7,50,
185,,,L8,50,
185,,,L9,50,
185,,,L10,50,
185,,,L11,50,
185,,,L12,50,
185,,,L13,50,
185,,,L14,50,
185,,,L15,50,
185,,,L16,50,
185,,,L17,50,
185,,,L18,50,
185,,,L19,50,
185,,,L20,50,
185,,,L21,50,
185,,,L22,50,
185,,,L23,50,
185,,,L24,50,
185,,,M1,50,
185,,,M2,50,
185,,,M3,50,
185,,,M4,50,
185,,,M5,50,
185,,,M6,50,
185,,,M7,50,
185,,,M8,50,
185,,,M9,50,
185,,,M10,50,
185,,,M11,50,
185,,,M12,50,
185,,,M13,50,
185,,,M14,50,
185,,,M15,50,
185,,,M16,50,
185,,,M17,50,
185,,,M18,50,
185,,,M19,50,
185,,,M20,50,
185,,,M21,50,
185,,,M22,50,
185,,,M23,50,
185,,,M24,50,
185,,,N1,50,
185,,,N2,50,
185,,,N3,50,
185,,,N4,50,
185,,,N5,50,
185,,,N6,50,
185,,,N7,50,
185,,,N8,50,
185,,,N9,50,
185,,,N10,50,
185,,,N11,50,
185,,,N12,50,
185,,,N13,50,
185,,,N14,50,
185,,,N15,50,
185,,,N16,50,
185,,,N17,50,
185,,,N18,50,
185,,,N19,50,
185,,,N20,50,
185,,,N21,50,
185,,,N22,50,
185,,,N23,50,
185,,,N24,50,
185,,,O1,50,
185,,,O2,50,
185,,,O3,50,
185,,,O4,50,
185,,,O5,50,
185,,,O6,50,
185,,,O7,50,
185,,,O8,50,
185,,,O9,50,
185,,,O10,50,
185,,,O11,50,
185,,,O12,50,
185,,,O13,50,
185,,,O14,50,
185,,,O15,50,
185,,,O16,50,
185,,,O17,50,
185,,,O18,50,
185,,,O19,50,
185,,,O20,50,
185,,,O21,50,
185,,,O22,50,
185,,,O23,50,
185,,,O24,50,
185,,,P1,50,
185,,,P2,50,
185,,,P3,50,
185,,,P4,50,
185,,,P5,50,
185,,,P6,50,
185,,,P7,50,
185,,,P8,50,
185,,,P9,50,
185,,,P10,50,
185,,,P11,50,
185,,,P12,50,
185,,,P13,50,
185,,,P14,50,
185,,,P15,50,
185,,,P16,50,
185,,,P17,50,
185,,,P18,50,
185,,,P19,50,
185,,,P20,50,
185,,,P21,50,
185,,,P22,50,
185,,,P23,50,
185,,,P24,50,
186,,,A1,0,
187,,,A1,50,
187,,,A2,50,
187,,,A3,50,
187,,,A4,50,
187,,,A5,50,
187,,,A6,50,
187,,,A7,50,
187,,,A8,50,
187,,,A9,50,
187,,,A10,50,
187,,,A11,50,
187,,,A12,50,
187,,,A13,50,
187,,,A14,50,
187,,,A15,50,
187,,,A16,50,
187,,,A17,50,
187,,,A18,50,
187,,,A19,50,
187,,,A20,50,
187,,,A21,50,
187,,,A22,50,
187,,,A23,50,
187,,,A24,50,
187,,,B1,50,
187,,,B2,50,
187,,,B3,50,
187,,,B4,50,
187,,,B5,50,
187,,,B6,50,
187,,,B7,50,
187,,,B8,50,
187,,,B9,50,
187,,,B10,50,
187,,,B11,50,
187,,,B12,50,
187,,,B13,50,
187,,,B14,50,
187,,,B15,50,
187,,,B16,50,
187,,,B17,50,
187,,,B18,50,
187,,,B19,50,
187,,,B20,50,
187,,,B21,50,
187,,,B22,50,
187,,,B23,50,
187,,,B24,50,
187,,,C1,50,
187,,,C2,50,
187,,,C3,50,
187,,,C4,50,
187,,,C5,50,
187,,,C6,50,
187,,,C7,50,
187,,,C8,50,
187,,,C9,50,
187,,,C10,50,
187,,,C11,50,
187,,,C12,50,
187,,,C13,50,
187,,,C14,50,
187,,,C15,50,
187,,,C16,50,
187,,,C17,50,
187,,,C18,50,
187,,,C19,50,
187,,,C20,50,
187,,,C21,50,
187,,,C22,50,
187,,,C23,50,
187,,,C24,50,
187,,,D1,50,
187,,,D2,50,
187,,,D3,50,
187,,,D4,50,
187,,,D5,50,
187,,,D6,50,
187,,,D7,50,
187,,,D8,50,
187,,,D9,50,
187,,,D10,50,
187,,,D11,50,
187,,,D12,50,
187,,,D13,50,
187,,,D14,50,
187,,,D15,50,
187,,,D16,50,
187,,,D17,50,
187,,,D18,50,
187,,,D19,50,
187,,,D20,50,
187,,,D21,50,
187,,,D22,50,
187,,,D23,50,
187,,,D24,50,
187,,,E1,50,
187,,,E2,50,
187,,,E3,50,
187,,,E4,50,
187,,,E5,50,
187,,,E6,50,
187,,,E7,50,
187,,,E8,50,
187,,,E9,50,
187,,,E10,50,
187,,,E11,50,
187,,,E12,50,
187,,,E13,50,
187,,,E14,50,
187,,,E15,50,
187,,,E16,50,
187,,,E17,50,
187,,,E18,50,
187,,,E19,50,
187,,,E20,50,
187,,,E21,50,
187,,,E22,50,
187,,,E23,50,
187,,,E24,50,
187,,,F1,50,
187,,,F2,50,
187,,,F3,50,
187,,,F4,50,
187,,,F5,50,
187,,,F6,50,
187,,,F7,50,
187,,,F8,50,
187,,,F9,50,
187,,,F10,50,
187,,,F11,50,
187,,,F12,50,
187,,,F13,50,
187,,,F14,50,
187,,,F15,50,
187,,,F16,50,
187,,,F17,50,
187,,,F18,50,
187,,,F19,50,
187,,,F20,50,
187,,,F21,50,
187,,,F22,50,
187,,,F23,50,
187,,,F24,50,
187,,,G1,50,
187,,,G2,50,
187,,,G3,50,
187,,,G4,50,
187,,,G5,50,
187,,,G6,50,
187,,,G7,50,
187,,,G8,50,
187,,,G9,50,
187,,,G10,50,
187,,,G11,50,
187,,,G12,50,
187,,,G13,50,
187,,,G14,50,
187,,,G15,50,
187,,,G16,50,
187,,,G17,50,
187,,,G18,50,
187,,,G19,50,
187,,,G20,50,
187,,,G21,50,
187,,,G22,50,
187,,,G23,50,
187,,,G24,50,
187,,,H1,50,
187,,,H2,50,
187,,,H3,50,
187,,,H4,50,
187,,,H5,50,
187,,,H6,50,
187,,,H7,50,
187,,,H8,50,
187,,,H9,50,
187,,,H10,50,
187,,,H11,50,
187,,,H12,50,
187,,,H13,50,
187,,,H14,50,
187,,,H15,50,
187,,,H16,50,
187,,,H17,50,
187,,,H18,50,
187,,,H19,50,
187,,,H20,50,
187,,,H21,50,
187,,,H22,50,
187,,,H23,50,
187,,,H24,50,
187,,,I1,50,
187,,,I2,50,
187,,,I3,50,
187,,,I4,50,
187,,,I5,50,
187,,,I6,50,
187,,,I7,50,
187,,,I8,50,
187,,,I9,50,
187,,,I10,50,
187,,,I11,50,
187,,,I12,50,
187,,,I13,50,
187,,,I14,50,
187,,,I15,50,
187,,,I16,50,
187,,,I17,50,
187,,,I18,50,
187,,,I19,50,
187,,,I20,50,
187,,,I21,50,
187,,,I22,50,
187,,,I23,50,
187,,,I24,50,
187,,,J1,50,
187,,,J2,50,
187,,,J3,50,
187,,,J4,50,
187,,,J5,50,
187,,,J6,50,
187,,,J7,50,
187,,,J8,50,
187,,,J9,50,
187,,,J10,50,
187,,,J11,50,
187,,,J12,50,
187,,,J13,50,
187,,,J14,50,
187,,,J15,50,
187,,,J16,50,
187,,,J17,50,
187,,,J18,50,
187,,,J19,50,
187,,,J20,50,
187,,,J21,50,
187,,,J22,50,
187,,,J23,50,
187,,,J24,50,
187,,,K1,50,
187,,,K2,50,
187,,,K3,50,
187,,,K4,50,
187,,,K5,50,
187,,,K6,50,
187,,,K7,50,
187,,,K8,50,
187,,,K9,50,
187,,,K10,50,
187,,,K11,50,
187,,,K12,50,
187,,,K13,50,
187,,,K14,50,
187,,,K15,50,
187,,,K16,50,
187,,,K17,50,
187,,,K18,50,
187,,,K19,50,
187,,,K20,50,
187,,,K21,50,
187,,,K22,50,
187,,,K23,50,
187,,,K24,50,
187,,,L1,50,
187,,,L2,50,
187,,,L3,50,
187,,,L4,50,
187,,,L5,50,
187,,,L6,50,
187,,,L7,50,
187,,,L8,50,
187,,,L9,50,
187,,,L10,50,
187,,,L11,50,
187,,,L12,50,
187,,,L13,50,
187,,,L14,50,
187,,,L15,50,
187,,,L16,50,
187,,,L17,50,
187,,,L18,50,
187,,,L19,50,
187,,,L20,50,
187,,,L21,50,
187,,,L22,50,
187,,,L23,50,
187,,,L24,50,
187,,,M1,50,
187,,,M2,50,
187,,,M3,50,
187,,,M4,50,
187,,,M5,50,
187,,,M6,50,
187,,,M7,50,
187,,,M8,50,
187,,,M9,50,
187,,,M10,50,
187,,,M11,50,
187,,,M12,50,
187,,,M13,50,
187,,,M14,50,
187,,,M15,50,
187,,,M16,50,
187,,,M17,50,
187,,,M18,50,
187,,,M19,50,
187,,,M20,50,
187,,,M21,50,
187,,,M22,50,
187,,,M23,50,
187,,,M24,50,
187,,,N1,50,
187,,,N2,50,
187,,,N3,50,
187,,,N4,50,
187,,,N5,50,
187,,,N6,50,
187,,,N7,50,
187,,,N8,50,
187,,,N9,50,
187,,,N10,50,
187,,,N11,50,
187,,,N12,50,
187,,,N13,50,
187,,,N14,50,
187,,,N15,50,
187,,,N16,50,
187,,,N17,50,
187,,,N18,50,
187,,,N19,50,
187,,,N20,50,
187,,,N21,50,
187,,,N22,50,
187,,,N23,50,
187,,,N24,50,
187,,,O1,50,
187,,,O2,50,
187,,,O3,50,
187,,,O4,50,
187,,,O5,50,
187,,,O6,50,
187,,,O7,50,
187,,,O8,50,
187,,,O9,50,
187,,,O10,50,
187,,,O11,50,
187,,,O12,50,
187,,,O13,50,
187,,,O14,50,
187,,,O15,50,
187,,,O16,50,
187,,,O17,50,
187,,,O18,50,
187,,,O19,50,
187,,,O20,50,
187,,,O21,50,
187,,,O22,50,
187,,,O23,50,
187,,,O24,50,
187,,,P1,50,
187,,,P2,50,
187,,,P3,50,
187,,,P4,50,
187,,,P5,50,
187,,,P6,50,
187,,,P7,50,
187,,,P8,50,
187,,,P9,50,
187,,,P10,50,
187,,,P11,50,
187,,,P12,50,
187,,,P13,50,
187,,,P14,50,
187,,,P15,50,
187,,,P16,50,
187,,,P17,50,
187,,,P18,50,
187,,,P19,50,
187,,,P20,50,
187,,,P21,50,
187,,,P22,50,
187,,,P23,50,
187,,,P24,50,
188,,,A1,0,
189,,,A1,50,
189,,,A2,50,
189,,,A3,50,
189,,,A4,50,
189,,,A5,50,
189,,,A6,50,
189,,,A7,50,
189,,,A8,50,
189,,,A9,50,
189,,,A10,50,
189,,,A11,50,
189,,,A12,50,
189,,,A13,50,
189,,,A14,50,
189,,,A15,50,
189,,,A16,50,
189,,,A17,50,
189,,,A18,50,
189,,,A19,50,
189,,,A20,50,
189,,,A21,50,
189,,,A22,50,
189,,,A23,50,
189,,,A24,50,
189,,,B1,50,
189,,,B2,50,
189,,,B3,50,
189,,,B4,50,
189,,,B5,50,
189,,,B6,50,
189,,,B7,50,
189,,,B8,50,
189,,,B9,50,
189,,,B10,50,
189,,,B11,50,
189,,,B12,50,
189,,,B13,50,
189,,,B14,50,
189,,,B15,50,
189,,,B16,50,
189,,,B17,50,
189,,,B18,50,
189,,,B19,50,
189,,,B20,50,
189,,,B21,50,
189,,,B22,50,
189,,,B23,50,
189,,,B24,50,
189,,,C1,50,
189,,,C2,50,
189,,,C3,50,
189,,,C4,50,
189,,,C5,50,
189,,,C6,50,
189,,,C7,50,
189,,,C8,50,
189,,,C9,50,
189,,,C10,50,
189,,,C11,50,
189,,,C12,50,
189,,,C13,50,
189,,,C14,50,
189,,,C15,50,
189,,,C16,50,
189,,,C17,50,
189,,,C18,50,
189,,,C19,50,
189,,,C20,50,
189,,,C21,50,
189,,,C22,50,
189,,,C23,50,
189,,,C24,50,
189,,,D1,50,
189,,,D2,50,
189,,,D3,50,
189,,,D4,50,
189,,,D5,50,
189,,,D6,50,
189,,,D7,50,
189,,,D8,50,
189,,,D9,50,
189,,,D10,50,
189,,,D11,50,
189,,,D12,50,
189,,,D13,50,
189,,,D14,50,
189,,,D15,50,
189,,,D16,50,
189,,,D17,50,
189,,,D18,50,
189,,,D19,50,
189,,,D20,50,
189,,,D21,50,
189,,,D22,50,
189,,,D23,50,
189,,,D24,50,
189,,,E1,50,
189,,,E2,50,
189,,,E3,50,
189,,,E4,50,
189,,,E5,50,
189,,,E6,50,
189,,,E7,50,
189,,,E8,50,
189,,,E9,50,
189,,,E10,50,
189,,,E11,50,
189,,,E12,50,
189,,,E13,50,
189,,,E14,50,
189,,,E15,50,
189,,,E16,50,
189,,,E17,50,
189,,,E18,50,
189,,,E19,50,
189,,,E20,50,
189,,,E21,50,
189,,,E22,50,
189,,,E23,50,
189,,,E24,50,
189,,,F1,50,
189,,,F2,50,
189,,,F3,50,
189,,,F4,50,
189,,,F5,50,
189,,,F6,50,
189,,,F7,50,
189,,,F8,50,
189,,,F9,50,
189,,,F10,50,
189,,,F11,50,
189,,,F12,50,
189,,,F13,50,
189,,,F14,50,
189,,,F15,50,
189,,,F16,50,
189,,,F17,50,
189,,,F18,50,
189,,,F19,50,
189,,,F20,50,
189,,,F21,50,
189,,,F22,50,
189,,,F23,50,
189,,,F24,50,
189,,,G1,50,
189,,,G2,50,
189,,,G3,50,
189,,,G4,50,
189,,,G5,50,
189,,,G6,50,
189,,,G7,50,
189,,,G8,50,
189,,,G9,50,
189,,,G10,50,
189,,,G11,50,
189,,,G12,50,
189,,,G13,50,
189,,,G14,50,
189,,,G15,50,
189,,,G16,50,
189,,,G17,50,
189,,,G18,50,
189,,,G19,50,
189,,,G20,50,
189,,,G21,50,
189,,,G22,50,
189,,,G23,50,
189,,,G24,50,
189,,,H1,50,
189,,,H2,50,
189,,,H3,50,
189,,,H4,50,
189,,,H5,50,
189,,,H6,50,
189,,,H7,50,
189,,,H8,50,
189,,,H9,50,
189,,,H10,50,
189,,,H11,50,
189,,,H12,50,
189,,,H13,50,
189,,,H14,50,
189,,,H15,50,
189,,,H16,50,
189,,,H17,50,
189,,,H18,50,
189,,,H19,50,
189,,,H20,50,
189,,,H21,50,
189,,,H22,50,
189,,,H23,50,
189,,,H24,50,
189,,,I1,50,
189,,,I2,50,
189,,,I3,50,
189,,,I4,50,
189,,,I5,50,
189,,,I6,50,
189,,,I7,50,
189,,,I8,50,
189,,,I9,50,
189,,,I10,50,
189,,,I11,50,
189,,,I12,50,
189,,,I13,50,
189,,,I14,50,
189,,,I15,50,
189,,,I16,50,
189,,,I17,50,
189,,,I18,50,
189,,,I19,50,
189,,,I20,50,
189,,,I21,50,
189,,,I22,50,
189,,,I23,50,
189,,,I24,50,
189,,,J1,50,
189,,,J2,50,
189,,,J3,50,
189,,,J4,50,
189,,,J5,50,
189,,,J6,50,
189,,,J7,50,
189,,,J8,50,
189,,,J9,50,
189,,,J10,50,
189,,,J11,50,
189,,,J12,50,
189,,,J13,50,
189,,,J14,50,
189,,,J15,50,
189,,,J16,50,
189,,,J17,50,
189,,,J18,50,
189,,,J19,50,
189,,,J20,50,
189,,,J21,50,
189,,,J22,50,
189,,,J23,50,
189,,,J24,50,
189,,,K1,50,
189,,,K2,50,
189,,,K3,50,
189,,,K4,50,
189,,,K5,50,
189,,,K6,50,
189,,,K7,50,
189,,,K8,50,
189,,,K9,50,
189,,,K10,50,
189,,,K11,50,
189,,,K12,50,
189,,,K13,50,
189,,,K14,50,
189,,,K15,50,
189,,,K16,50,
189,,,K17,50,
189,,,K18,50,
189,,,K19,50,
189,,,K20,50,
189,,,K21,50,
189,,,K22,50,
189,,,K23,50,
189,,,K24,50,
189,,,L1,50,
189,,,L2,50,
189,,,L3,50,
189,,,L4,50,
189,,,L5,50,
189,,,L6,50,
189,,,L7,50,
189,,,L8,50,
189,,,L9,50,
189,,,L10,50,
189,,,L11,50,
189,,,L12,50,
189,,,L13,50,
189,,,L14,50,
189,,,L15,50,
189,,,L16,50,
189,,,L17,50,
189,,,L18,50,
189,,,L19,50,
189,,,L20,50,
189,,,L21,50,
189,,,L22,50,
189,,,L23,50,
189,,,L24,50,
189,,,M1,50,
189,,,M2,50,
189,,,M3,50,
189,,,M4,50,
189,,,M5,50,
189,,,M6,50,
189,,,M7,50,
189,,,M8,50,
189,,,M9,50,
189,,,M10,50,
189,,,M11,50,
189,,,M12,50,
189,,,M13,50,
189,,,M14,50,
189,,,M15,50,
189,,,M16,50,
189,,,M17,50,
189,,,M18,50,
189,,,M19,50,
189,,,M20,50,
189,,,M21,50,
189,,,M22,50,
189,,,M23,50,
189,,,M24,50,
189,,,N1,50,
189,,,N2,50,
189,,,N3,50,
189,,,N4,50,
189,,,N5,50,
189,,,N6,50,
189,,,N7,50,
189,,,N8,50,
189,,,N9,50,
189,,,N10,50,
189,,,N11,50,
189,,,N12,50,
189,,,N13,50,
189,,,N14,50,
189,,,N15,50,
189,,,N16,50,
189,,,N17,50,
189,,,N18,50,
189,,,N19,50,
189,,,N20,50,
189,,,N21,50,
189,,,N22,50,
189,,,N23,50,
189,,,N24,50,
189,,,O1,50,
189,,,O2,50,
189,,,O3,50,
189,,,O4,50,
189,,,O5,50,
189,,,O6,50,
189,,,O7,50,
189,,,O8,50,
189,,,O9,50,
189,,,O10,50,
189,,,O11,50,
189,,,O12,50,
189,,,O13,50,
189,,,O14,50,
189,,,O15,50,
189,,,O16,50,
189,,,O17,50,
189,,,O18,50,
189,,,O19,50,
189,,,O20,50,
189,,,O21,50,
189,,,O22,50,
189,,,O23,50,
189,,,O24,50,
189,,,P1,50,
189,,,P2,50,
189,,,P3,50,
189,,,P4,50,
189,,,P5,50,
189,,,P6,50,
189,,,P7,50,
189,,,P8,50,
189,,,P9,50,
189,,,P10,50,
189,,,P11,50,
189,,,P12,50,
189,,,P13,50,
189,,,P14,50,
189,,,P15,50,
189,,,P16,50,
189,,,P17,50,
189,,,P18,50,
189,,,P19,50,
189,,,P20,50,
189,,,P21,50,
189,,,P22,50,
189,,,P23,50,
189,,,P24,50,
190,,,A1,0,
191,,,A1,50,
191,,,A2,50,
191,,,A3,50,
191,,,A4,50,
191,,,A5,50,
191,,,A6,50,
191,,,A7,50,
191,,,A8,50,
191,,,A9,50,
191,,,A10,50,
191,,,A11,50,
191,,,A12,50,
191,,,A13,50,
191,,,A14,50,
191,,,A15,50,
191,,,A16,50,
191,,,A17,50,
191,,,A18,50,
191,,,A19,50,
191,,,A20,50,
191,,,A21,50,
191,,,A22,50,
191,,,A23,50,
191,,,A24,50,
191,,,B1,50,
191,,,B2,50,
191,,,B3,50,
191,,,B4,50,
191,,,B5,50,
191,,,B6,50,
191,,,B7,50,
191,,,B8,50,
191,,,B9,50,
191,,,B10,50,
191,,,B11,50,
191,,,B12,50,
191,,,B13,50,
191,,,B14,50,
191,,,B15,50,
191,,,B16,50,
191,,,B17,50,
191,,,B18,50,
191,,,B19,50,
191,,,B20,50,
191,,,B21,50,
191,,,B22,50,
191,,,B23,50,
191,,,B24,50,
191,,,C1,50,
191,,,C2,50,
191,,,C3,50,
191,,,C4,50,
191,,,C5,50,
191,,,C6,50,
191,,,C7,50,
191,,,C8,50,
191,,,C9,50,
191,,,C10,50,
191,,,C11,50,
191,,,C12,50,
191,,,C13,50,
191,,,C14,50,
191,,,C15,50,
191,,,C16,50,
191,,,C17,50,
191,,,C18,50,
191,,,C19,50,
191,,,C20,50,
191,,,C21,50,
191,,,C22,50,
191,,,C23,50,
191,,,C24,50,
191,,,D1,50,
191,,,D2,50,
191,,,D3,50,
191,,,D4,50,
191,,,D5,50,
191,,,D6,50,
191,,,D7,50,
191,,,D8,50,
191,,,D9,50,
191,,,D10,50,
191,,,D11,50,
191,,,D12,50,
191,,,D13,50,
191,,,D14,50,
191,,,D15,50,
191,,,D16,50,
191,,,D17,50,
191,,,D18,50,
191,,,D19,50,
191,,,D20,50,
191,,,D21,50,
191,,,D22,50,
191,,,D23,50,
191,,,D24,50,
191,,,E1,50,
191,,,E2,50,
191,,,E3,50,
191,,,E4,50,
191,,,E5,50,
191,,,E6,50,
191,,,E7,50,
191,,,E8,50,
191,,,E9,50,
191,,,E10,50,
191,,,E11,50,
191,,,E12,50,
191,,,E13,50,
191,,,E14,50,
191,,,E15,50,
191,,,E16,50,
191,,,E17,50,
191,,,E18,50,
191,,,E19,50,
191,,,E20,50,
191,,,E21,50,
191,,,E22,50,
191,,,E23,50,
191,,,E24,50,
191,,,F1,50,
191,,,F2,50,
191,,,F3,50,
191,,,F4,50,
191,,,F5,50,
191,,,F6,50,
191,,,F7,50,
191,,,F8,50,
191,,,F9,50,
191,,,F10,50,
191,,,F11,50,
191,,,F12,50,
191,,,F13,50,
191,,,F14,50,
191,,,F15,50,
191,,,F16,50,
191,,,F17,50,
191,,,F18,50,
191,,,F19,50,
191,,,F20,50,
191,,,F21,50,
191,,,F22,50,
191,,,F23,50,
191,,,F24,50,
191,,,G1,50,
191,,,G2,50,
191,,,G3,50,
191,,,G4,50,
191,,,G5,50,
191,,,G6,50,
191,,,G7,50,
191,,,G8,50,
191,,,G9,50,
191,,,G10,50,
191,,,G11,50,
191,,,G12,50,
191,,,G13,50,
191,,,G14,50,
191,,,G15,50,
191,,,G16,50,
191,,,G17,50,
191,,,G18,50,
191,,,G19,50,
191,,,G20,50,
191,,,G21,50,
191,,,G22,50,
191,,,G23,50,
191,,,G24,50,
191,,,H1,50,
191,,,H2,50,
191,,,H3,50,
191,,,H4,50,
191,,,H5,50,
191,,,H6,50,
191,,,H7,50,
191,,,H8,50,
191,,,H9,50,
191,,,H10,50,
191,,,H11,50,
191,,,H12,50,
191,,,H13,50,
191,,,H14,50,
191,,,H15,50,
191,,,H16,50,
191,,,H17,50,
191,,,H18,50,
191,,,H19,50,
191,,,H20,50,
191,,,H21,50,
191,,,H22,50,
191,,,H23,50,
191,,,H24,50,
191,,,I1,50,
191,,,I2,50,
191,,,I3,50,
191,,,I4,50,
191,,,I5,50,
191,,,I6,50,
191,,,I7,50,
191,,,I8,50,
191,,,I9,50,
191,,,I10,50,
191,,,I11,50,
191,,,I12,50,
191,,,I13,50,
191,,,I14,50,
191,,,I15,50,
191,,,I16,50,
191,,,I17,50,
191,,,I18,50,
191,,,I19,50,
191,,,I20,50,
191,,,I21,50,
191,,,I22,50,
191,,,I23,50,
191,,,I24,50,
191,,,J1,50,
191,,,J2,50,
191,,,J3,50,
191,,,J4,50,
191,,,J5,50,
191,,,J6,50,
191,,,J7,50,
191,,,J8,50,
191,,,J9,50,
191,,,J10,50,
191,,,J11,50,
191,,,J12,50,
191,,,J13,50,
191,,,J14,50,
191,,,J15,50,
191,,,J16,50,
191,,,J17,50,
191,,,J18,50,
191,,,J19,50,
191,,,J20,50,
191,,,J21,50,
191,,,J22,50,
191,,,J23,50,
191,,,J24,50,
191,,,K1,50,
191,,,K2,50,
191,,,K3,50,
191,,,K4,50,
191,,,K5,50,
191,,,K6,50,
191,,,K7,50,
191,,,K8,50,
191,,,K9,50,
191,,,K10,50,
191,,,K11,50,
191,,,K12,50,
191,,,K13,50,
191,,,K14,50,
191,,,K15,50,
191,,,K16,50,
191,,,K17,50,
191,,,K18,50,
191,,,K19,50,
191,,,K20,50,
191,,,K21,50,
191,,,K22,50,
191,,,K23,50,
191,,,K24,50,
191,,,L1,50,
191,,,L2,50,
191,,,L3,50,
191,,,L4,50,
191,,,L5,50,
191,,,L6,50,
191,,,L7,50,
191,,,L8,50,
191,,,L9,50,
191,,,L10,50,
191,,,L11,50,
191,,,L12,50,
191,,,L13,50,
191,,,L14,50,
191,,,L15,50,
191,,,L16,50,
191,,,L17,50,
191,,,L18,50,
191,,,L19,50,
191,,,L20,50,
191,,,L21,50,
191,,,L22,50,
191,,,L23,50,
191,,,L24,50,
191,,,M1,50,
191,,,M2,50,
191,,,M3,50,
191,,,M4,50,
191,,,M5,50,
191,,,M6,50,
191,,,M7,50,
191,,,M8,50,
191,,,M9,50,
191,,,M10,50,
191,,,M11,50,
191,,,M12,50,
191,,,M13,50,
191,,,M14,50,
191,,,M15,50,
191,,,M16,50,
191,,,M17,50,
191,,,M18,50,
191,,,M19,50,
191,,,M20,50,
191,,,M21,50,
191,,,M22,50,
191,,,M23,50,
191,,,M24,50,
191,,,N1,50,
191,,,N2,50,
191,,,N3,50,
191,,,N4,50,
191,,,N5,50,
191,,,N6,50,
191,,,N7,50,
191,,,N8,50,
191,,,N9,50,
191,,,N10,50,
191,,,N11,50,
191,,,N12,50,
191,,,N13,50,
191,,,N14,50,
191,,,N15,50,
191,,,N16,50,
191,,,N17,50,
191,,,N18,50,
191,,,N19,50,
191,,,N20,50,
191,,,N21,50,
191,,,N22,50,
191,,,N23,50,
191,,,N24,50,
191,,,O1,50,
191,,,O2,50,
191,,,O3,50,
191,,,O4,50,
191,,,O5,50,
191,,,O6,50,
191,,,O7,50,
191,,,O8,50,
191,,,O9,50,
191,,,O10,50,
191,,,O11,50,
191,,,O12,50,
191,,,O13,50,
191,,,O14,50,
191,,,O15,50,
191,,,O16,50,
191,,,O17,50,
191,,,O18,50,
191,,,O19,50,
191,,,O20,50,
191,,,O21,50,
191,,,O22,50,
191,,,O23,50,
191,,,O24,50,
191,,,P1,50,
191,,,P2,50,
191,,,P3,50,
191,,,P4,50,
191,,,P5,50,
191,,,P6,50,
191,,,P7,50,
191,,,P8,50,
191,,,P9,50,
191,,,P10,50,
191,,,P11,50,
191,,,P12,50,
191,,,P13,50,
191,,,P14,50,
191,,,P15,50,
191,,,P16,50,
191,,,P17,50,
191,,,P18,50,
191,,,P19,50,
191,,,P20,50,
191,,,P21,50,
191,,,P22,50,
191,,,P23,50,
191,,,P24,50,
192,,,A1,0,
193,,,A1,50,
193,,,A2,50,
193,,,A3,50,
193,,,A4,50,
193,,,A5,50,
193,,,A6,50,
193,,,A7,50,
193,,,A8,50,
193,,,A9,50,
193,,,A10,50,
193,,,A11,50,
193,,,A12,50,
193,,,A13,50,
193,,,A14,50,
193,,,A15,50,
193,,,A16,50,
193,,,A17,50,
193,,,A18,50,
193,,,A19,50,
193,,,A20,50,
193,,,A21,50,
193,,,A22,50,
193,,,A23,50,
193,,,A24,50,
193,,,B1,50,
193,,,B2,50,
193,,,B3,50,
193,,,B4,50,
193,,,B5,50,
193,,,B6,50,
193,,,B7,50,
193,,,B8,50,
193,,,B9,50,
193,,,B10,50,
193,,,B11,50,
193,,,B12,50,
193,,,B13,50,
193,,,B14,50,
193,,,B15,50,
193,,,B16,50,
193,,,B17,50,
193,,,B18,50,
193,,,B19,50,
193,,,B20,50,
193,,,B21,50,
193,,,B22,50,
193,,,B23,50,
193,,,B24,50,
193,,,C1,50,
193,,,C2,50,
193,,,C3,50,
193,,,C4,50,
193,,,C5,50,
193,,,C6,50,
193,,,C7,50,
193,,,C8,50,
193,,,C9,50,
193,,,C10,50,
193,,,C11,50,
193,,,C12,50,
193,,,C13,50,
193,,,C14,50,
193,,,C15,50,
193,,,C16,50,
193,,,C17,50,
193,,,C18,50,
193,,,C19,50,
193,,,C20,50,
193,,,C21,50,
193,,,C22,50,
193,,,C23,50,
193,,,C24,50,
193,,,D1,50,
193,,,D2,50,
193,,,D3,50,
193,,,D4,50,
193,,,D5,50,
193,,,D6,50,
193,,,D7,50,
193,,,D8,50,
193,,,D9,50,
193,,,D10,50,
193,,,D11,50,
193,,,D12,50,
193,,,D13,50,
193,,,D14,50,
193,,,D15,50,
193,,,D16,50,
193,,,D17,50,
193,,,D18,50,
193,,,D19,50,
193,,,D20,50,
193,,,D21,50,
193,,,D22,50,
193,,,D23,50,
193,,,D24,50,
193,,,E1,50,
193,,,E2,50,
193,,,E3,50,
193,,,E4,50,
193,,,E5,50,
193,,,E6,50,
193,,,E7,50,
193,,,E8,50,
193,,,E9,50,
193,,,E10,50,
193,,,E11,50,
193,,,E12,50,
193,,,E13,50,
193,,,E14,50,
193,,,E15,50,
193,,,E16,50,
193,,,E17,50,
193,,,E18,50,
193,,,E19,50,
193,,,E20,50,
193,,,E21,50,
193,,,E22,50,
193,,,E23,50,
193,,,E24,50,
193,,,F1,50,
193,,,F2,50,
193,,,F3,50,
193,,,F4,50,
193,,,F5,50,
193,,,F6,50,
193,,,F7,50,
193,,,F8,50,
193,,,F9,50,
193,,,F10,50,
193,,,F11,50,
193,,,F12,50,
193,,,F13,50,
193,,,F14,50,
193,,,F15,50,
193,,,F16,50,
193,,,F17,50,
193,,,F18,50,
193,,,F19,50,
193,,,F20,50,
193,,,F21,50,
193,,,F22,50,
193,,,F23,50,
193,,,F24,50,
193,,,G1,50,
193,,,G2,50,
193,,,G3,50,
193,,,G4,50,
193,,,G5,50,
193,,,G6,50,
193,,,G7,50,
193,,,G8,50,
193,,,G9,50,
193,,,G10,50,
193,,,G11,50,
193,,,G12,50,
193,,,G13,50,
193,,,G14,50,
193,,,G15,50,
193,,,G16,50,
193,,,G17,50,
193,,,G18,50,
193,,,G19,50,
193,,,G20,50,
193,,,G21,50,
193,,,G22,50,
193,,,G23,50,
193,,,G24,50,
193,,,H1,50,
193,,,H2,50,
193,,,H3,50,
193,,,H4,50,
193,,,H5,50,
193,,,H6,50,
193,,,H7,50,
193,,,H8,50,
193,,,H9,50,
193,,,H10,50,
193,,,H11,50,
193,,,H12,50,
193,,,H13,50,
193,,,H14,50,
193,,,H15,50,
193,,,H16,50,
193,,,H17,50,
193,,,H18,50,
193,,,H19,50,
193,,,H20,50,
193,,,H21,50,
193,,,H22,50,
193,,,H23,50,
193,,,H24,50,
193,,,I1,50,
193,,,I2,50,
193,,,I3,50,
193,,,I4,50,
193,,,I5,50,
193,,,I6,50,
193,,,I7,50,
193,,,I8,50,
193,,,I9,50,
193,,,I10,50,
193,,,I11,50,
193,,,I12,50,
193,,,I13,50,
193,,,I14,50,
193,,,I15,50,
193,,,I16,50,
193,,,I17,50,
193,,,I18,50,
193,,,I19,50,
193,,,I20,50,
193,,,I21,50,
193,,,I22,50,
193,,,I23,50,
193,,,I24,50,
193,,,J1,50,
193,,,J2,50,
193,,,J3,50,
193,,,J4,50,
193,,,J5,50,
193,,,J6,50,
193,,,J7,50,
193,,,J8,50,
193,,,J9,50,
193,,,J10,50,
193,,,J11,50,
193,,,J12,50,
193,,,J13,50,
193,,,J14,50,
193,,,J15,50,
193,,,J16,50,
193,,,J17,50,
193,,,J18,50,
193,,,J19,50,
193,,,J20,50,
193,,,J21,50,
193,,,J22,50,
193,,,J23,50,
193,,,J24,50,
193,,,K1,50,
193,,,K2,50,
193,,,K3,50,
193,,,K4,50,
193,,,K5,50,
193,,,K6,50,
193,,,K7,50,
193,,,K8,50,
193,,,K9,50,
193,,,K10,50,
193,,,K11,50,
193,,,K12,50,
193,,,K13,50,
193,,,K14,50,
193,,,K15,50,
193,,,K16,50,
193,,,K17,50,
193,,,K18,50,
193,,,K19,50,
193,,,K20,50,
193,,,K21,50,
193,,,K22,50,
193,,,K23,50,
193,,,K24,50,
193,,,L1,50,
193,,,L2,50,
193,,,L3,50,
193,,,L4,50,
193,,,L5,50,
193,,,L6,50,
193,,,L7,50,
193,,,L8,50,
193,,,L9,50,
193,,,L10,50,
193,,,L11,50,
193,,,L12,50,
193,,,L13,50,
193,,,L14,50,
193,,,L15,50,
193,,,L16,50,
193,,,L17,50,
193,,,L18,50,
193,,,L19,50,
193,,,L20,50,
193,,,L21,50,
193,,,L22,50,
193,,,L23,50,
193,,,L24,50,
193,,,M1,50,
193,,,M2,50,
193,,,M3,50,
193,,,M4,50,
193,,,M5,50,
193,,,M6,50,
193,,,M7,50,
193,,,M8,50,
193,,,M9,50,
193,,,M10,50,
193,,,M11,50,
193,,,M12,50,
193,,,M13,50,
193,,,M14,50,
193,,,M15,50,
193,,,M16,50,
193,,,M17,50,
193,,,M18,50,
193,,,M19,50,
193,,,M20,50,
193,,,M21,50,
193,,,M22,50,
193,,,M23,50,
193,,,M24,50,
193,,,N1,50,
193,,,N2,50,
193,,,N3,50,
193,,,N4,50,
193,,,N5,50,
193,,,N6,50,
193,,,N7,50,
193,,,N8,50,
193,,,N9,50,
193,,,N10,50,
193,,,N11,50,
193,,,N12,50,
193,,,N13,50,
193,,,N14,50,
193,,,N15,50,
193,,,N16,50,
193,,,N17,50,
193,,,N18,50,
193,,,N19,50,
193,,,N20,50,
193,,,N21,50,
193,,,N22,50,
193,,,N23,50,
193,,,N24,50,
193,,,O1,50,
193,,,O2,50,
193,,,O3,50,
193,,,O4,50,
193,,,O5,50,
193,,,O6,50,
193,,,O7,50,
193,,,O8,50,
193,,,O9,50,
193,,,O10,50,
193,,,O11,50,
193,,,O12,50,
193,,,O13,50,
193,,,O14,50,
193,,,O15,50,
193,,,O16,50,
193,,,O17,50,
193,,,O18,50,
193,,,O19,50,
193,,,O20,50,
193,,,O21,50,
193,,,O22,50,
193,,,O23,50,
193,,,O24,50,
193,,,P1,50,
193,,,P2,50,
193,,,P3,50,
193,,,P4,50,
193,,,P5,50,
193,,,P6,50,
193,,,P7,50,
193,,,P8,50,
193,,,P9,50,
193,,,P10,50,
193,,,P11,50,
193,,,P12,50,
193,,,P13,50,
193,,,P14,50,
193,,,P15,50,
193,,,P16,50,
193,,,P17,50,
193,,,P18,50,
193,,,P19,50,
193,,,P20,50,
193,,,P21,50,
193,,,P22,50,
193,,,P23,50,
193,,,P24,50,
194,,,A1,0,
195,,,A1,50,
195,,,A2,50,
195,,,A3,50,
195,,,A4,50,
195,,,A5,50,
195,,,A6,50,
195,,,A7,50,
195,,,A8,50,
195,,,A9,50,
195,,,A10,50,
195,,,A11,50,
195,,,A12,50,
195,,,A13,50,
195,,,A14,50,
195,,,A15,50,
195,,,A16,50,
195,,,A17,50,
195,,,A18,50,
195,,,A19,50,
195,,,A20,50,
195,,,A21,50,
195,,,A22,50,
195,,,A23,50,
195,,,A24,50,
195,,,B1,50,
195,,,B2,50,
195,,,B3,50,
195,,,B4,50,
195,,,B5,50,
195,,,B6,50,
195,,,B7,50,
195,,,B8,50,
195,,,B9,50,
195,,,B10,50,
195,,,B11,50,
195,,,B12,50,
195,,,B13,50,
195,,,B14,50,
195,,,B15,50,
195,,,B16,50,
195,,,B17,50,
195,,,B18,50,
195,,,B19,50,
195,,,B20,50,
195,,,B21,50,
195,,,B22,50,
195,,,B23,50,
195,,,B24,50,
195,,,C1,50,
195,,,C2,50,
195,,,C3,50,
195,,,C4,50,
195,,,C5,50,
195,,,C6,50,
195,,,C7,50,
195,,,C8,50,
195,,,C9,50,
195,,,C10,50,
195,,,C11,50,
195,,,C12,50,
195,,,C13,50,
195,,,C14,50,
195,,,C15,50,
195,,,C16,50,
195,,,C17,50,
195,,,C18,50,
195,,,C19,50,
195,,,C20,50,
195,,,C21,50,
195,,,C22,50,
195,,,C23,50,
195,,,C24,50,
195,,,D1,50,
195,,,D2,50,
195,,,D3,50,
195,,,D4,50,
195,,,D5,50,
195,,,D6,50,
195,,,D7,50,
195,,,D8,50,
195,,,D9,50,
195,,,D10,50,
195,,,D11,50,
195,,,D12,50,
195,,,D13,50,
195,,,D14,50,
195,,,D15,50,
195,,,D16,50,
195,,,D17,50,
195,,,D18,50,
195,,,D19,50,
195,,,D20,50,
195,,,D21,50,
195,,,D22,50,
195,,,D23,50,
195,,,D24,50,
195,,,E1,50,
195,,,E2,50,
195,,,E3,50,
195,,,E4,50,
195,,,E5,50,
195,,,E6,50,
195,,,E7,50,
195,,,E8,50,
195,,,E9,50,
195,,,E10,50,
195,,,E11,50,
195,,,E12,50,
195,,,E13,50,
195,,,E14,50,
195,,,E15,50,
195,,,E16,50,
195,,,E17,50,
195,,,E18,50,
195,,,E19,50,
195,,,E20,50,
195,,,E21,50,
195,,,E22,50,
195,,,E23,50,
195,,,E24,50,
195,,,F1,50,
195,,,F2,50,
195,,,F3,50,
195,,,F4,50,
195,,,F5,50,
195,,,F6,50,
195,,,F7,50,
195,,,F8,50,
195,,,F9,50,
195,,,F10,50,
195,,,F11,50,
195,,,F12,50,
195,,,F13,50,
195,,,F14,50,
195,,,F15,50,
195,,,F16,50,
195,,,F17,50,
195,,,F18,50,
195,,,F19,50,
195,,,F20,50,
195,,,F21,50,
195,,,F22,50,
195,,,F23,50,
195,,,F24,50,
195,,,G1,50,
195,,,G2,50,
195,,,G3,50,
195,,,G4,50,
195,,,G5,50,
195,,,G6,50,
195,,,G7,50,
195,,,G8,50,
195,,,G9,50,
195,,,G10,50,
195,,,G11,50,
195,,,G12,50,
195,,,G13,50,
195,,,G14,50,
195,,,G15,50,
195,,,G16,50,
195,,,G17,50,
195,,,G18,50,
195,,,G19,50,
195,,,G20,50,
195,,,G21,50,
195,,,G22,50,
195,,,G23,50,
195,,,G24,50,
195,,,H1,50,
195,,,H2,50,
195,,,H3,50,
195,,,H4,50,
195,,,H5,50,
195,,,H6,50,
195,,,H7,50,
195,,,H8,50,
195,,,H9,50,
195,,,H10,50,
195,,,H11,50,
195,,,H12,50,
195,,,H13,50,
195,,,H14,50,
195,,,H15,50,
195,,,H16,50,
195,,,H17,50,
195,,,H18,50,
195,,,H19,50,
195,,,H20,50,
195,,,H21,50,
195,,,H22,50,
195,,,H23,50,
195,,,H24,50,
195,,,I1,50,
195,,,I2,50,
195,,,I3,50,
195,,,I4,50,
195,,,I5,50,
195,,,I6,50,
195,,,I7,50,
195,,,I8,50,
195,,,I9,50,
195,,,I10,50,
195,,,I11,50,
195,,,I12,50,
195,,,I13,50,
195,,,I14,50,
195,,,I15,50,
195,,,I16,50,
195,,,I17,50,
195,,,I18,50,
195,,,I19,50,
195,,,I20,50,
195,,,I21,50,
195,,,I22,50,
195,,,I23,50,
195,,,I24,50,
195,,,J1,50,
195,,,J2,50,
195,,,J3,50,
195,,,J4,50,
195,,,J5,50,
195,,,J6,50,
195,,,J7,50,
195,,,J8,50,
195,,,J9,50,
195,,,J10,50,
195,,,J11,50,
195,,,J12,50,
195,,,J13,50,
195,,,J14,50,
195,,,J15,50,
195,,,J16,50,
195,,,J17,50,
195,,,J18,50,
195,,,J19,50,
195,,,J20,50,
195,,,J21,50,
195,,,J22,50,
195,,,J23,50,
195,,,J24,50,
195,,,K1,50,
195,,,K2,50,
195,,,K3,50,
195,,,K4,50,
195,,,K5,50,
195,,,K6,50,
195,,,K7,50,
195,,,K8,50,
195,,,K9,50,
195,,,K10,50,
195,,,K11,50,
195,,,K12,50,
195,,,K13,50,
195,,,K14,50,
195,,,K15,50,
195,,,K16,50,
195,,,K17,50,
195,,,K18,50,
195,,,K19,50,
195,,,K20,50,
195,,,K21,50,
195,,,K22,50,
195,,,K23,50,
195,,,K24,50,
195,,,L1,50,
195,,,L2,50,
195,,,L3,50,
195,,,L4,50,
195,,,L5,50,
195,,,L6,50,
195,,,L7,50,
195,,,L8,50,
195,,,L9,50,
195,,,L10,50,
195,,,L11,50,
195,,,L12,50,
195,,,L13,50,
195,,,L14,50,
195,,,L15,50,
195,,,L16,50,
195,,,L17,50,
195,,,L18,50,
195,,,L19,50,
195,,,L20,50,
195,,,L21,50,
195,,,L22,50,
195,,,L23,50,
195,,,L24,50,
195,,,M1,50,
195,,,M2,50,
195,,,M3,50,
195,,,M4,50,
195,,,M5,50,
195,,,M6,50,
195,,,M7,50,
195,,,M8,50,
195,,,M9,50,
195,,,M10,50,
195,,,M11,50,
195,,,M12,50,
195,,,M13,50,
195,,,M14,50,
195,,,M15,50,
195,,,M16,50,
195,,,M17,50,
195,,,M18,50,
195,,,M19,50,
195,,,M20,50,
195,,,M21,50,
195,,,M22,50,
195,,,M23,50,
195,,,M24,50,
195,,,N1,50,
195,,,N2,50,
195,,,N3,50,
195,,,N4,50,
195,,,N5,50,
195,,,N6,50,
195,,,N7,50,
195,,,N8,50,
195,,,N9,50,
195,,,N10,50,
195,,,N11,50,
195,,,N12,50,
195,,,N13,50,
195,,,N14,50,
195,,,N15,50,
195,,,N16,50,
195,,,N17,50,
195,,,N18,50,
195,,,N19,50,
195,,,N20,50,
195,,,N21,50,
195,,,N22,50,
195,,,N23,50,
195,,,N24,50,
195,,,O1,50,
195,,,O2,50,
195,,,O3,50,
195,,,O4,50,
195,,,O5,50,
195,,,O6,50,
195,,,O7,50,
195,,,O8,50,
195,,,O9,50,
195,,,O10,50,
195,,,O11,50,
195,,,O12,50,
195,,,O13,50,
195,,,O14,50,
195,,,O15,50,
195,,,O16,50,
195,,,O17,50,
195,,,O18,50,
195,,,O19,50,
195,,,O20,50,
195,,,O21,50,
195,,,O22,50,
195,,,O23,50,
195,,,O24,50,
195,,,P1,50,
195,,,P2,50,
195,,,P3,50,
195,,,P4,50,
195,,,P5,50,
195,,,P6,50,
195,,,P7,50,
195,,,P8,50,
195,,,P9,50,
195,,,P10,50,
195,,,P11,50,
195,,,P12,50,
195,,,P13,50,
195,,,P14,50,
195,,,P15,50,
195,,,P16,50,
195,,,P17,50,
195,,,P18,50,
195,,,P19,50,
195,,,P20,50,
195,,,P21,50,
195,,,P22,50,
195,,,P23,50,
195,,,P24,50,
196,,,A1,0,
197,,,A1,50,
197,,,A2,50,
197,,,A3,50,
197,,,A4,50,
197,,,A5,50,
197,,,A6,50,
197,,,A7,50,
197,,,A8,50,
197,,,A9,50,
197,,,A10,50,
197,,,A11,50,
197,,,A12,50,
197,,,A13,50,
197,,,A14,50,
197,,,A15,50,
197,,,A16,50,
197,,,A17,50,
197,,,A18,50,
197,,,A19,50,
197,,,A20,50,
197,,,A21,50,
197,,,A22,50,
197,,,A23,50,
197,,,A24,50,
197,,,B1,50,
197,,,B2,50,
197,,,B3,50,
197,,,B4,50,
197,,,B5,50,
197,,,B6,50,
197,,,B7,50,
197,,,B8,50,
197,,,B9,50,
197,,,B10,50,
197,,,B11,50,
197,,,B12,50,
197,,,B13,50,
197,,,B14,50,
197,,,B15,50,
197,,,B16,50,
197,,,B17,50,
197,,,B18,50,
197,,,B19,50,
197,,,B20,50,
197,,,B21,50,
197,,,B22,50,
197,,,B23,50,
197,,,B24,50,
197,,,C1,50,
197,,,C2,50,
197,,,C3,50,
197,,,C4,50,
197,,,C5,50,
197,,,C6,50,
197,,,C7,50,
197,,,C8,50,
197,,,C9,50,
197,,,C10,50,
197,,,C11,50,
197,,,C12,50,
197,,,C13,50,
197,,,C14,50,
197,,,C15,50,
197,,,C16,50,
197,,,C17,50,
197,,,C18,50,
197,,,C19,50,
197,,,C20,50,
197,,,C21,50,
197,,,C22,50,
197,,,C23,50,
197,,,C24,50,
197,,,D1,50,
197,,,D2,50,
197,,,D3,50,
197,,,D4,50,
197,,,D5,50,
197,,,D6,50,
197,,,D7,50,
197,,,D8,50,
197,,,D9,50,
197,,,D10,50,
197,,,D11,50,
197,,,D12,50,
197,,,D13,50,
197,,,D14,50,
197,,,D15,50,
197,,,D16,50,
197,,,D17,50,
197,,,D18,50,
197,,,D19,50,
197,,,D20,50,
197,,,D21,50,
197,,,D22,50,
197,,,D23,50,
197,,,D24,50,
197,,,E1,50,
197,,,E2,50,
197,,,E3,50,
197,,,E4,50,
197,,,E5,50,
197,,,E6,50,
197,,,E7,50,
197,,,E8,50,
197,,,E9,50,
197,,,E10,50,
197,,,E11,50,
197,,,E12,50,
197,,,E13,50,
197,,,E14,50,
197,,,E15,50,
197,,,E16,50,
197,,,E17,50,
197,,,E18,50,
197,,,E19,50,
197,,,E20,50,
197,,,E21,50,
197,,,E22,50,
197,,,E23,50,
197,,,E24,50,
197,,,F1,50,
197,,,F2,50,
197,,,F3,50,
197,,,F4,50,
197,,,F5,50,
197,,,F6,50,
197,,,F7,50,
197,,,F8,50,
197,,,F9,50,
197,,,F10,50,
197,,,F11,50,
197,,,F12,50,
197,,,F13,50,
197,,,F14,50,
197,,,F15,50,
197,,,F16,50,
197,,,F17,50,
197,,,F18,50,
197,,,F19,50,
197,,,F20,50,
197,,,F21,50,
197,,,F22,50,
197,,,F23,50,
197,,,F24,50,
197,,,G1,50,
197,,,G2,50,
197,,,G3,50,
197,,,G4,50,
197,,,G5,50,
197,,,G6,50,
197,,,G7,50,
197,,,G8,50,
197,,,G9,50,
197,,,G10,50,
197,,,G11,50,
197,,,G12,50,
197,,,G13,50,
197,,,G14,50,
197,,,G15,50,
197,,,G16,50,
197,,,G17,50,
197,,,G18,50,
197,,,G19,50,
197,,,G20,50,
197,,,G21,50,
197,,,G22,50,
197,,,G23,50,
197,,,G24,50,
197,,,H1,50,
197,,,H2,50,
197,,,H3,50,
197,,,H4,50,
197,,,H5,50,
197,,,H6,50,
197,,,H7,50,
197,,,H8,50,
197,,,H9,50,
197,,,H10,50,
197,,,H11,50,
197,,,H12,50,
197,,,H13,50,
197,,,H14,50,
197,,,H15,50,
197,,,H16,50,
197,,,H17,50,
197,,,H18,50,
197,,,H19,50,
197,,,H20,50,
197,,,H21,50,
197,,,H22,50,
197,,,H23,50,
197,,,H24,50,
197,,,I1,50,
197,,,I2,50,
197,,,I3,50,
197,,,I4,50,
197,,,I5,50,
197,,,I6,50,
197,,,I7,50,
197,,,I8,50,
197,,,I9,50,
197,,,I10,50,
197,,,I11,50,
197,,,I12,50,
197,,,I13,50,
197,,,I14,50,
197,,,I15,50,
197,,,I16,50,
197,,,I17,50,
197,,,I18,50,
197,,,I19,50,
197,,,I20,50,
197,,,I21,50,
197,,,I22,50,
197,,,I23,50,
197,,,I24,50,
197,,,J1,50,
197,,,J2,50,
197,,,J3,50,
197,,,J4,50,
197,,,J5,50,
197,,,J6,50,
197,,,J7,50,
197,,,J8,50,
197,,,J9,50,
197,,,J10,50,
197,,,J11,50,
197,,,J12,50,
197,,,J13,50,
197,,,J14,50,
197,,,J15,50,
197,,,J16,50,
197,,,J17,50,
197,,,J18,50,
197,,,J19,50,
197,,,J20,50,
197,,,J21,50,
197,,,J22,50,
197,,,J23,50,
197,,,J24,50,
197,,,K1,50,
197,,,K2,50,
197,,,K3,50,
197,,,K4,50,
197,,,K5,50,
197,,,K6,50,
197,,,K7,50,
197,,,K8,50,
197,,,K9,50,
197,,,K10,50,
197,,,K11,50,
197,,,K12,50,
197,,,K13,50,
197,,,K14,50,
197,,,K15,50,
197,,,K16,50,
197,,,K17,50,
197,,,K18,50,
197,,,K19,50,
197,,,K20,50,
197,,,K21,50,
197,,,K22,50,
197,,,K23,50,
197,,,K24,50,
197,,,L1,50,
197,,,L2,50,
197,,,L3,50,
197,,,L4,50,
197,,,L5,50,
197,,,L6,50,
197,,,L7,50,
197,,,L8,50,
197,,,L9,50,
197,,,L10,50,
197,,,L11,50,
197,,,L12,50,
197,,,L13,50,
197,,,L14,50,
197,,,L15,50,
197,,,L16,50,
197,,,L17,50,
197,,,L18,50,
197,,,L19,50,
197,,,L20,50,
197,,,L21,50,
197,,,L22,50,
197,,,L23,50,
197,,,L24,50,
197,,,M1,50,
197,,,M2,50,
197,,,M3,50,
197,,,M4,50,
197,,,M5,50,
197,,,M6,50,
197,,,M7,50,
197,,,M8,50,
197,,,M9,50,
197,,,M10,50,
197,,,M11,50,
197,,,M12,50,
197,,,M13,50,
197,,,M14,50,
197,,,M15,50,
197,,,M16,50,
197,,,M17,50,
197,,,M18,50,
197,,,M19,50,
197,,,M20,50,
197,,,M21,50,
197,,,M22,50,
197,,,M23,50,
197,,,M24,50,
197,,,N1,50,
197,,,N2,50,
197,,,N3,50,
197,,,N4,50,
197,,,N5,50,
197,,,N6,50,
197,,,N7,50,
197,,,N8,50,
197,,,N9,50,
197,,,N10,50,
197,,,N11,50,
197,,,N12,50,
197,,,N13,50,
197,,,N14,50,
197,,,N15,50,
197,,,N16,50,
197,,,N17,50,
197,,,N18,50,
197,,,N19,50,
197,,,N20,50,
197,,,N21,50,
197,,,N22,50,
197,,,N23,50,
197,,,N24,50,
197,,,O1,50,
197,,,O2,50,
197,,,O3,50,
197,,,O4,50,
197,,,O5,50,
197,,,O6,50,
197,,,O7,50,
197,,,O8,50,
197,,,O9,50,
197,,,O10,50,
197,,,O11,50,
197,,,O12,50,
197,,,O13,50,
197,,,O14,50,
197,,,O15,50,
197,,,O16,50,
197,,,O17,50,
197,,,O18,50,
197,,,O19,50,
197,,,O20,50,
197,,,O21,50,
197,,,O22,50,
197,,,O23,50,
197,,,O24,50,
197,,,P1,50,
197,,,P2,50,
197,,,P3,50,
197,,,P4,50,
197,,,P5,50,
197,,,P6,50,
197,,,P7,50,
197,,,P8,50,
197,,,P9,50,
197,,,P10,50,
197,,,P11,50,
197,,,P12,50,
197,,,P13,50,
197,,,P14,50,
197,,,P15,50,
197,,,P16,50,
197,,,P17,50,
197,,,P18,50,
197,,,P19,50,
197,,,P20,50,
197,,,P21,50,
197,,,P22,50,
197,,,P23,50,
197,,,P24,50,
198,,,A1,0,
199,,,A1,50,
199,,,A2,50,
199,,,A3,50,
199,,,A4,50,
199,,,A5,50,
199,,,A6,50,
199,,,A7,50,
199,,,A8,50,
199,,,A9,50,
199,,,A10,50,
199,,,A11,50,
199,,,A12,50,
199,,,A13,50,
199,,,A14,50,
199,,,A15,50,
199,,,A16,50,
199,,,A17,50,
199,,,A18,50,
199,,,A19,50,
199,,,A20,50,
199,,,A21,50,
199,,,A22,50,
199,,,A23,50,
199,,,A24,50,
199,,,B1,50,
199,,,B2,50,
199,,,B3,50,
199,,,B4,50,
199,,,B5,50,
199,,,B6,50,
199,,,B7,50,
199,,,B8,50,
199,,,B9,50,
199,,,B10,50,
199,,,B11,50,
199,,,B12,50,
199,,,B13,50,
199,,,B14,50,
199,,,B15,50,
199,,,B16,50,
199,,,B17,50,
199,,,B18,50,
199,,,B19,50,
199,,,B20,50,
199,,,B21,50,
199,,,B22,50,
199,,,B23,50,
199,,,B24,50,
199,,,C1,50,
199,,,C2,50,
199,,,C3,50,
199,,,C4,50,
199,,,C5,50,
199,,,C6,50,
199,,,C7,50,
199,,,C8,50,
199,,,C9,50,
199,,,C10,50,
199,,,C11,50,
199,,,C12,50,
199,,,C13,50,
199,,,C14,50,
199,,,C15,50,
199,,,C16,50,
199,,,C17,50,
199,,,C18,50,
199,,,C19,50,
199,,,C20,50,
199,,,C21,50,
199,,,C22,50,
199,,,C23,50,
199,,,C24,50,
199,,,D1,50,
199,,,D2,50,
199,,,D3,50,
199,,,D4,50,
199,,,D5,50,
199,,,D6,50,
199,,,D7,50,
199,,,D8,50,
199,,,D9,50,
199,,,D10,50,
199,,,D11,50,
199,,,D12,50,
199,,,D13,50,
199,,,D14,50,
199,,,D15,50,
199,,,D16,50,
199,,,D17,50,
199,,,D18,50,
199,,,D19,50,
199,,,D20,50,
199,,,D21,50,
199,,,D22,50,
199,,,D23,50,
199,,,D24,50,
199,,,E1,50,
199,,,E2,50,
199,,,E3,50,
199,,,E4,50,
199,,,E5,50,
199,,,E6,50,
199,,,E7,50,
199,,,E8,50,
199,,,E9,50,
199,,,E10,50,
199,,,E11,50,
199,,,E12,50,
199,,,E13,50,
199,,,E14,50,
199,,,E15,50,
199,,,E16,50,
199,,,E17,50,
199,,,E18,50,
199,,,E19,50,
199,,,E20,50,
199,,,E21,50,
199,,,E22,50,
199,,,E23,50,
199,,,E24,50,
199,,,F1,50,
199,,,F2,50,
199,,,F3,50,
199,,,F4,50,
199,,,F5,50,
199,,,F6,50,
199,,,F7,50,
199,,,F8,50,
199,,,F9,50,
199,,,F10,50,
199,,,F11,50,
199,,,F12,50,
199,,,F13,50,
199,,,F14,50,
199,,,F15,50,
199,,,F16,50,
199,,,F17,50,
199,,,F18,50,
199,,,F19,50,
199,,,F20,50,
199,,,F21,50,
199,,,F22,50,
199,,,F23,50,
199,,,F24,50,
199,,,G1,50,
199,,,G2,50,
199,,,G3,50,
199,,,G4,50,
199,,,G5,50,
199,,,G6,50,
199,,,G7,50,
199,,,G8,50,
199,,,G9,50,
199,,,G10,50,
199,,,G11,50,
199,,,G12,50,
199,,,G13,50,
199,,,G14,50,
199,,,G15,50,
199,,,G16,50,
199,,,G17,50,
199,,,G18,50,
199,,,G19,50,
199,,,G20,50,
199,,,G21,50,
199,,,G22,50,
199,,,G23,50,
199,,,G24,50,
199,,,H1,50,
199,,,H2,50,
199,,,H3,50,
199,,,H4,50,
199,,,H5,50,
199,,,H6,50,
199,,,H7,50,
199,,,H8,50,
199,,,H9,50,
199,,,H10,50,
199,,,H11,50,
199,,,H12,50,
199,,,H13,50,
199,,,H14,50,
199,,,H15,50,
199,,,H16,50,
199,,,H17,50,
199,,,H18,50,
199,,,H19,50,
199,,,H20,50,
199,,,H21,50,
199,,,H22,50,
199,,,H23,50,
199,,,H24,50,
199,,,I1,50,
199,,,I2,50,
199,,,I3,50,
199,,,I4,50,
199,,,I5,50,
199,,,I6,50,
199,,,I7,50,
199,,,I8,50,
199,,,I9,50,
199,,,I10,50,
199,,,I11,50,
199,,,I12,50,
199,,,I13,50,
199,,,I14,50,
199,,,I15,50,
199,,,I16,50,
199,,,I17,50,
199,,,I18,50,
199,,,I19,50,
199,,,I20,50,
199,,,I21,50,
199,,,I22,50,
199,,,I23,50,
199,,,I24,50,
199,,,J1,50,
199,,,J2,50,
199,,,J3,50,
199,,,J4,50,
199,,,J5,50,
199,,,J6,50,
199,,,J7,50,
199,,,J8,50,
199,,,J9,50,
199,,,J10,50,
199,,,J11,50,
199,,,J12,50,
199,,,J13,50,
199,,,J14,50,
199,,,J15,50,
199,,,J16,50,
199,,,J17,50,
199,,,J18,50,
199,,,J19,50,
199,,,J20,50,
199,,,J21,50,
199,,,J22,50,
199,,,J23,50,
199,,,J24,50,
199,,,K1,50,
199,,,K2,50,
199,,,K3,50,
199,,,K4,50,
199,,,K5,50,
199,,,K6,50,
199,,,K7,50,
199,,,K8,50,
199,,,K9,50,
199,,,K10,50,
199,,,K11,50,
199,,,K12,50,
199,,,K13,50,
199,,,K14,50,
199,,,K15,50,
199,,,K16,50,
199,,,K17,50,
199,,,K18,50,
199,,,K19,50,
199,,,K20,50,
199,,,K21,50,
199,,,K22,50,
199,,,K23,50,
199,,,K24,50,
199,,,L1,50,
199,,,L2,50,
199,,,L3,50,
199,,,L4,50,
199,,,L5,50,
199,,,L6,50,
199,,,L7,50,
199,,,L8,50,
199,,,L9,50,
199,,,L10,50,
199,,,L11,50,
199,,,L12,50,
199,,,L13,50,
199,,,L14,50,
199,,,L15,50,
199,,,L16,50,
199,,,L17,50,
199,,,L18,50,
199,,,L19,50,
199,,,L20,50,
199,,,L21,50,
199,,,L22,50,
199,,,L23,50,
199,,,L24,50,
199,,,M1,50,
199,,,M2,50,
199,,,M3,50,
199,,,M4,50,
199,,,M5,50,
199,,,M6,50,
199,,,M7,50,
199,,,M8,50,
199,,,M9,50,
199,,,M10,50,
199,,,M11,50,
199,,,M12,50,
199,,,M13,50,
199,,,M14,50,
199,,,M15,50,
199,,,M16,50,
199,,,M17,50,
199,,,M18,50,
199,,,M19,50,
199,,,M20,50,
199,,,M21,50,
199,,,M22,50,
199,,,M23,50,
199,,,M24,50,
199,,,N1,50,
199,,,N2,50,
199,,,N3,50,
199,,,N4,50,
199,,,N5,50,
199,,,N6,50,
199,,,N7,50,
199,,,N8,50,
199,,,N9,50,
199,,,N10,50,
199,,,N11,50,
199,,,N12,50,
199,,,N13,50,
199,,,N14,50,
199,,,N15,50,
199,,,N16,50,
199,,,N17,50,
199,,,N18,50,
199,,,N19,50,
199,,,N20,50,
199,,,N21,50,
199,,,N22,50,
199,,,N23,50,
199,,,N24,50,
199,,,O1,50,
199,,,O2,50,
199,,,O3,50,
199,,,O4,50,
199,,,O5,50,
199,,,O6,50,
199,,,O7,50,
199,,,O8,50,
199,,,O9,50,
199,,,O10,50,
199,,,O11,50,
199,,,O12,50,
199,,,O13,50,
199,,,O14,50,
199,,,O15,50,
199,,,O16,50,
199,,,O17,50,
199,,,O18,50,
199,,,O19,50,
199,,,O20,50,
199,,,O21,50,
199,,,O22,50,
199,,,O23,50,
199,,,O24,50,
199,,,P1,50,
199,,,P2,50,
199,,,P3,50,
199,,,P4,50,
199,,,P5,50,
199,,,P6,50,
199,,,P7,50,
199,,,P8,50,
199,,,P9,50,
199,,,P10,50,
199,,,P11,50,
199,,,P12,50,
199,,,P13,50,
199,,,P14,50,
199,,,P15,50,
199,,,P16,50,
199,,,P17,50,
199,,,P18,50,
199,,,P19,50,
199,,,P20,50,
199,,,P21,50,
199,,,P22,50,
199,,,P23,50,
199,,,P24,50,
200,,,A1,0,
201,,,A1,50,
201,,,A2,50,
201,,,A3,50,
201,,,A4,50,
201,,,A5,50,
201,,,A6,50,
201,,,A7,50,
201,,,A8,50,
201,,,A9,50,
201,,,A10,50,
201,,,A11,50,
201,,,A12,50,
201,,,A13,50,
201,,,A14,50,
201,,,A15,50,
201,,,A16,50,
201,,,A17,50,
201,,,A18,50,
201,,,A19,50,
201,,,A20,50,
201,,,A21,50,
201,,,A22,50,
201,,,A23,50,
201,,,A24,50,
201,,,B1,50,
201,,,B2,50,
201,,,B3,50,
201,,,B4,50,
201,,,B5,50,
201,,,B6,50,
201,,,B7,50,
201,,,B8,50,
201,,,B9,50,
201,,,B10,50,
201,,,B11,50,
201,,,B12,50,
201,,,B13,50,
201,,,B14,50,
201,,,B15,50,
201,,,B16,50,
201,,,B17,50,
201,,,B18,50,
201,,,B19,50,
201,,,B20,50,
201,,,B21,50,
201,,,B22,50,
201,,,B23,50,
201,,,B24,50,
201,,,C1,50,
201,,,C2,50,
201,,,C3,50,
201,,,C4,50,
201,,,C5,50,
201,,,C6,50,
201,,,C7,50,
201,,,C8,50,
201,,,C9,50,
201,,,C10,50,
201,,,C11,50,
201,,,C12,50,
201,,,C13,50,
201,,,C14,50,
201,,,C15,50,
201,,,C16,50,
201,,,C17,50,
201,,,C18,50,
201,,,C19,50,
201,,,C20,50,
201,,,C21,50,
201,,,C22,50,
201,,,C23,50,
201,,,C24,50,
201,,,D1,50,
201,,,D2,50,
201,,,D3,50,
201,,,D4,50,
201,,,D5,50,
201,,,D6,50,
201,,,D7,50,
201,,,D8,50,
201,,,D9,50,
201,,,D10,50,
201,,,D11,50,
201,,,D12,50,
201,,,D13,50,
201,,,D14,50,
201,,,D15,50,
201,,,D16,50,
201,,,D17,50,
201,,,D18,50,
201,,,D19,50,
201,,,D20,50,
201,,,D21,50,
201,,,D22,50,
201,,,D23,50,
201,,,D24,50,
201,,,E1,50,
201,,,E2,50,
201,,,E3,50,
201,,,E4,50,
201,,,E5,50,
201,,,E6,50,
201,,,E7,50,
201,,,E8,50,
201,,,E9,50,
201,,,E10,50,
201,,,E11,50,
201,,,E12,50,
201,,,E13,50,
201,,,E14,50,
201,,,E15,50,
201,,,E16,50,
201,,,E17,50,
201,,,E18,50,
201,,,E19,50,
201,,,E20,50,
201,,,E21,50,
201,,,E22,50,
201,,,E23,50,
201,,,E24,50,
201,,,F1,50,
201,,,F2,50,
201,,,F3,50,
201,,,F4,50,
201,,,F5,50,
201,,,F6,50,
201,,,F7,50,
201,,,F8,50,
201,,,F9,50,
201,,,F10,50,
201,,,F11,50,
201,,,F12,50,
201,,,F13,50,
201,,,F14,50,
201,,,F15,50,
201,,,F16,50,
201,,,F17,50,
201,,,F18,50,
201,,,F19,50,
201,,,F20,50,
201,,,F21,50,
201,,,F22,50,
201,,,F23,50,
201,,,F24,50,
201,,,G1,50,
201,,,G2,50,
201,,,G3,50,
201,,,G4,50,
201,,,G5,50,
201,,,G6,50,
201,,,G7,50,
201,,,G8,50,
201,,,G9,50,
201,,,G10,50,
201,,,G11,50,
201,,,G12,50,
201,,,G13,50,
201,,,G14,50,
201,,,G15,50,
201,,,G16,50,
201,,,G17,50,
201,,,G18,50,
201,,,G19,50,
201,,,G20,50,
201,,,G21,50,
201,,,G22,50,
201,,,G23,50,
201,,,G24,50,
201,,,H1,50,
201,,,H2,50,
201,,,H3,50,
201,,,H4,50,
201,,,H5,50,
201,,,H6,50,
201,,,H7,50,
201,,,H8,50,
201,,,H9,50,
201,,,H10,50,
201,,,H11,50,
201,,,H12,50,
201,,,H13,50,
201,,,H14,50,
201,,,H15,50,
201,,,H16,50,
201,,,H17,50,
201,,,H18,50,
201,,,H19,50,
201,,,H20,50,
201,,,H21,50,
201,,,H22,50,
201,,,H23,50,
201,,,H24,50,
201,,,I1,50,
201,,,I2,50,
201,,,I3,50,
201,,,I4,50,
201,,,I5,50,
201,,,I6,50,
201,,,I7,50,
201,,,I8,50,
201,,,I9,50,
201,,,I10,50,
201,,,I11,50,
201,,,I12,50,
201,,,I13,50,
201,,,I14,50,
201,,,I15,50,
201,,,I16,50,
201,,,I17,50,
201,,,I18,50,
201,,,I19,50,
201,,,I20,50,
201,,,I21,50,
201,,,I22,50,
201,,,I23,50,
201,,,I24,50,
201,,,J1,50,
201,,,J2,50,
201,,,J3,50,
201,,,J4,50,
201,,,J5,50,
201,,,J6,50,
201,,,J7,50,
201,,,J8,50,
201,,,J9,50,
201,,,J10,50,
201,,,J11,50,
201,,,J12,50,
201,,,J13,50,
201,,,J14,50,
201,,,J15,50,
201,,,J16,50,
201,,,J17,50,
201,,,J18,50,
201,,,J19,50,
201,,,J20,50,
201,,,J21,50,
201,,,J22,50,
201,,,J23,50,
201,,,J24,50,
201,,,K1,50,
201,,,K2,50,
201,,,K3,50,
201,,,K4,50,
201,,,K5,50,
201,,,K6,50,
201,,,K7,50,
201,,,K8,50,
201,,,K9,50,
201,,,K10,50,
201,,,K11,50,
201,,,K12,50,
201,,,K13,50,
201,,,K14,50,
201,,,K15,50,
201,,,K16,50,
201,,,K17,50,
201,,,K18,50,
201,,,K19,50,
201,,,K20,50,
201,,,K21,50,
201,,,K22,50,
201,,,K23,50,
201,,,K24,50,
201,,,L1,50,
201,,,L2,50,
201,,,L3,50,
201,,,L4,50,
201,,,L5,50,
201,,,L6,50,
201,,,L7,50,
201,,,L8,50,
201,,,L9,50,
201,,,L10,50,
201,,,L11,50,
201,,,L12,50,
201,,,L13,50,
201,,,L14,50,
201,,,L15,50,
201,,,L16,50,
201,,,L17,50,
201,,,L18,50,
201,,,L19,50,
201,,,L20,50,
201,,,L21,50,
201,,,L22,50,
201,,,L23,50,
201,,,L24,50,
201,,,M1,50,
201,,,M2,50,
201,,,M3,50,
201,,,M4,50,
201,,,M5,50,
201,,,M6,50,
201,,,M7,50,
201,,,M8,50,
201,,,M9,50,
201,,,M10,50,
201,,,M11,50,
201,,,M12,50,
201,,,M13,50,
201,,,M14,50,
201,,,M15,50,
201,,,M16,50,
201,,,M17,50,
201,,,M18,50,
201,,,M19,50,
201,,,M20,50,
201,,,M21,50,
201,,,M22,50,
201,,,M23,50,
201,,,M24,50,
201,,,N1,50,
201,,,N2,50,
201,,,N3,50,
201,,,N4,50,
201,,,N5,50,
201,,,N6,50,
201,,,N7,50,
201,,,N8,50,
201,,,N9,50,
201,,,N10,50,
201,,,N11,50,
201,,,N12,50,
201,,,N13,50,
201,,,N14,50,
201,,,N15,50,
201,,,N16,50,
201,,,N17,50,
201,,,N18,50,
201,,,N19,50,
201,,,N20,50,
201,,,N21,50,
201,,,N22,50,
201,,,N23,50,
201,,,N24,50,
201,,,O1,50,
201,,,O2,50,
201,,,O3,50,
201,,,O4,50,
201,,,O5,50,
201,,,O6,50,
201,,,O7,50,
201,,,O8,50,
201,,,O9,50,
201,,,O10,50,
201,,,O11,50,
201,,,O12,50,
201,,,O13,50,
201,,,O14,50,
201,,,O15,50,
201,,,O16,50,
201,,,O17,50,
201,,,O18,50,
201,,,O19,50,
201,,,O20,50,
201,,,O21,50,
201,,,O22,50,
201,,,O23,50,
201,,,O24,50,
201,,,P1,50,
201,,,P2,50,
201,,,P3,50,
201,,,P4,50,
201,,,P5,50,
201,,,P6,50,
201,,,P7,50,
201,,,P8,50,
201,,,P9,50,
201,,,P10,50,
201,,,P11,50,
201,,,P12,50,
201,,,P13,50,
201,,,P14,50,
201,,,P15,50,
201,,,P16,50,
201,,,P17,50,
201,,,P18,50,
201,,,P19,50,
201,,,P20,50,
201,,,P21,50,
201,,,P22,50,
201,,,P23,50,
201,,,P24,50,
202,,,A1,0,
203,,,A1,50,
203,,,A2,50,
203,,,A3,50,
203,,,A4,50,
203,,,A5,50,
203,,,A6,50,
203,,,A7,50,
203,,,A8,50,
203,,,A9,50,
203,,,A10,50,
203,,,A11,50,
203,,,A12,50,
203,,,A13,50,
203,,,A14,50,
203,,,A15,50,
203,,,A16,50,
203,,,A17,50,
203,,,A18,50,
203,,,A19,50,
203,,,A20,50,
203,,,A21,50,
203,,,A22,50,
203,,,A23,50,
203,,,A24,50,
203,,,B1,50,
203,,,B2,50,
203,,,B3,50,
203,,,B4,50,
203,,,B5,50,
203,,,B6,50,
203,,,B7,50,
203,,,B8,50,
203,,,B9,50,
203,,,B10,50,
203,,,B11,50,
203,,,B12,50,
203,,,B13,50,
203,,,B14,50,
203,,,B15,50,
203,,,B16,50,
203,,,B17,50,
203,,,B18,50,
203,,,B19,50,
203,,,B20,50,
203,,,B21,50,
203,,,B22,50,
203,,,B23,50,
203,,,B24,50,
203,,,C1,50,
203,,,C2,50,
203,,,C3,50,
203,,,C4,50,
203,,,C5,50,
203,,,C6,50,
203,,,C7,50,
203,,,C8,50,
203,,,C9,50,
203,,,C10,50,
203,,,C11,50,
203,,,C12,50,
203,,,C13,50,
203,,,C14,50,
203,,,C15,50,
203,,,C16,50,
203,,,C17,50,
203,,,C18,50,
203,,,C19,50,
203,,,C20,50,
203,,,C21,50,
203,,,C22,50,
203,,,C23,50,
203,,,C24,50,
203,,,D1,50,
203,,,D2,50,
203,,,D3,50,
203,,,D4,50,
203,,,D5,50,
203,,,D6,50,
203,,,D7,50,
203,,,D8,50,
203,,,D9,50,
203,,,D10,50,
203,,,D11,50,
203,,,D12,50,
203,,,D13,50,
203,,,D14,50,
203,,,D15,50,
203,,,D16,50,
203,,,D17,50,
203,,,D18,50,
203,,,D19,50,
203,,,D20,50,
203,,,D21,50,
203,,,D22,50,
203,,,D23,50,
203,,,D24,50,
203,,,E1,50,
203,,,E2,50,
203,,,E3,50,
203,,,E4,50,
203,,,E5,50,
203,,,E6,50,
203,,,E7,50,
203,,,E8,50,
203,,,E9,50,
203,,,E10,50,
203,,,E11,50,
203,,,E12,50,
203,,,E13,50,
203,,,E14,50,
203,,,E15,50,
203,,,E16,50,
203,,,E17,50,
203,,,E18,50,
203,,,E19,50,
203,,,E20,50,
203,,,E21,50,
203,,,E22,50,
203,,,E23,50,
203,,,E24,50,
203,,,F1,50,
203,,,F2,50,
203,,,F3,50,
203,,,F4,50,
203,,,F5,50,
203,,,F6,50,
203,,,F7,50,
203,,,F8,50,
203,,,F9,50,
203,,,F10,50,
203,,,F11,50,
203,,,F12,50,
203,,,F13,50,
203,,,F14,50,
203,,,F15,50,
203,,,F16,50,
203,,,F17,50,
203,,,F18,50,
203,,,F19,50,
203,,,F20,50,
203,,,F21,50,
203,,,F22,50,
203,,,F23,50,
203,,,F24,50,
203,,,G1,50,
203,,,G2,50,
203,,,G3,50,
203,,,G4,50,
203,,,G5,50,
203,,,G6,50,
203,,,G7,50,
203,,,G8,50,
203,,,G9,50,
203,,,G10,50,
203,,,G11,50,
203,,,G12,50,
203,,,G13,50,
203,,,G14,50,
203,,,G15,50,
203,,,G16,50,
203,,,G17,50,
203,,,G18,50,
203,,,G19,50,
203,,,G20,50,
203,,,G21,50,
203,,,G22,50,
203,,,G23,50,
203,,,G24,50,
203,,,H1,50,
203,,,H2,50,
203,,,H3,50,
203,,,H4,50,
203,,,H5,50,
203,,,H6,50,
203,,,H7,50,
203,,,H8,50,
203,,,H9,50,
203,,,H10,50,
203,,,H11,50,
203,,,H12,50,
203,,,H13,50,
203,,,H14,50,
203,,,H15,50,
203,,,H16,50,
203,,,H17,50,
203,,,H18,50,
203,,,H19,50,
203,,,H20,50,
203,,,H21,50,
203,,,H22,50,
203,,,H23,50,
203,,,H24,50,
203,,,I1,50,
203,,,I2,50,
203,,,I3,50,
203,,,I4,50,
203,,,I5,50,
203,,,I6,50,
203,,,I7,50,
203,,,I8,50,
203,,,I9,50,
203,,,I10,50,
203,,,I11,50,
203,,,I12,50,
203,,,I13,50,
203,,,I14,50,
203,,,I15,50,
203,,,I16,50,
203,,,I17,50,
203,,,I18,50,
203,,,I19,50,
203,,,I20,50,
203,,,I21,50,
203,,,I22,50,
203,,,I23,50,
203,,,I24,50,
203,,,J1,50,
203,,,J2,50,
203,,,J3,50,
203,,,J4,50,
203,,,J5,50,
203,,,J6,50,
203,,,J7,50,
203,,,J8,50,
203,,,J9,50,
203,,,J10,50,
203,,,J11,50,
203,,,J12,50,
203,,,J13,50,
203,,,J14,50,
203,,,J15,50,
203,,,J16,50,
203,,,J17,50,
203,,,J18,50,
203,,,J19,50,
203,,,J20,50,
203,,,J21,50,
203,,,J22,50,
203,,,J23,50,
203,,,J24,50,
203,,,K1,50,
203,,,K2,50,
203,,,K3,50,
203,,,K4,50,
203,,,K5,50,
203,,,K6,50,
203,,,K7,50,
203,,,K8,50,
203,,,K9,50,
203,,,K10,50,
203,,,K11,50,
203,,,K12,50,
203,,,K13,50,
203,,,K14,50,
203,,,K15,50,
203,,,K16,50,
203,,,K17,50,
203,,,K18,50,
203,,,K19,50,
203,,,K20,50,
203,,,K21,50,
203,,,K22,50,
203,,,K23,50,
203,,,K24,50,
203,,,L1,50,
203,,,L2,50,
203,,,L3,50,
203,,,L4,50,
203,,,L5,50,
203,,,L6,50,
203,,,L7,50,
203,,,L8,50,
203,,,L9,50,
203,,,L10,50,
203,,,L11,50,
203,,,L12,50,
203,,,L13,50,
203,,,L14,50,
203,,,L15,50,
203,,,L16,50,
203,,,L17,50,
203,,,L18,50,
203,,,L19,50,
203,,,L20,50,
203,,,L21,50,
203,,,L22,50,
203,,,L23,50,
203,,,L24,50,
203,,,M1,50,
203,,,M2,50,
203,,,M3,50,
203,,,M4,50,
203,,,M5,50,
203,,,M6,50,
203,,,M7,50,
203,,,M8,50,
203,,,M9,50,
203,,,M10,50,
203,,,M11,50,
203,,,M12,50,
203,,,M13,50,
203,,,M14,50,
203,,,M15,50,
203,,,M16,50,
203,,,M17,50,
203,,,M18,50,
203,,,M19,50,
203,,,M20,50,
203,,,M21,50,
203,,,M22,50,
203,,,M23,50,
203,,,M24,50,
203,,,N1,50,
203,,,N2,50,
203,,,N3,50,
203,,,N4,50,
203,,,N5,50,
203,,,N6,50,
203,,,N7,50,
203,,,N8,50,
203,,,N9,50,
203,,,N10,50,
203,,,N11,50,
203,,,N12,50,
203,,,N13,50,
203,,,N14,50,
203,,,N15,50,
203,,,N16,50,
203,,,N17,50,
203,,,N18,50,
203,,,N19,50,
203,,,N20,50,
203,,,N21,50,
203,,,N22,50,
203,,,N23,50,
203,,,N24,50,
203,,,O1,50,
203,,,O2,50,
203,,,O3,50,
203,,,O4,50,
203,,,O5,50,
203,,,O6,50,
203,,,O7,50,
203,,,O8,50,
203,,,O9,50,
203,,,O10,50,
203,,,O11,50,
203,,,O12,50,
203,,,O13,50,
203,,,O14,50,
203,,,O15,50,
203,,,O16,50,
203,,,O17,50,
203,,,O18,50,
203,,,O19,50,
203,,,O20,50,
203,,,O21,50,
203,,,O22,50,
203,,,O23,50,
203,,,O24,50,
203,,,P1,50,
203,,,P2,50,
203,,,P3,50,
203,,,P4,50,
203,,,P5,50,
203,,,P6,50,
203,,,P7,50,
203,,,P8,50,
203,,,P9,50,
203,,,P10,50,
203,,,P11,50,
203,,,P12,50,
203,,,P13,50,
203,,,P14,50,
203,,,P15,50,
203,,,P16,50,
203,,,P17,50,
203,,,P18,50,
203,,,P19,50,
203,,,P20,50,
203,,,P21,50,
203,,,P22,50,
203,,,P23,50,
203,,,P24,50,
204,,,A1,0,
205,,,A1,50,
205,,,A2,50,
205,,,A3,50,
205,,,A4,50,
205,,,A5,50,
205,,,A6,50,
205,,,A7,50,
205,,,A8,50,
205,,,A9,50,
205,,,A10,50,
205,,,A11,50,
205,,,A12,50,
205,,,A13,50,
205,,,A14,50,
205,,,A15,50,
205,,,A16,50,
205,,,A17,50,
205,,,A18,50,
205,,,A19,50,
205,,,A20,50,
205,,,A21,50,
205,,,A22,50,
205,,,A23,50,
205,,,A24,50,
205,,,B1,50,
205,,,B2,50,
205,,,B3,50,
205,,,B4,50,
205,,,B5,50,
205,,,B6,50,
205,,,B7,50,
205,,,B8,50,
205,,,B9,50,
205,,,B10,50,
205,,,B11,50,
205,,,B12,50,
205,,,B13,50,
205,,,B14,50,
205,,,B15,50,
205,,,B16,50,
205,,,B17,50,
205,,,B18,50,
205,,,B19,50,
205,,,B20,50,
205,,,B21,50,
205,,,B22,50,
205,,,B23,50,
205,,,B24,50,
205,,,C1,50,
205,,,C2,50,
205,,,C3,50,
205,,,C4,50,
205,,,C5,50,
205,,,C6,50,
205,,,C7,50,
205,,,C8,50,
205,,,C9,50,
205,,,C10,50,
205,,,C11,50,
205,,,C12,50,
205,,,C13,50,
205,,,C14,50,
205,,,C15,50,
205,,,C16,50,
205,,,C17,50,
205,,,C18,50,
205,,,C19,50,
205,,,C20,50,
205,,,C21,50,
205,,,C22,50,
205,,,C23,50,
205,,,C24,50,
205,,,D1,50,
205,,,D2,50,
205,,,D3,50,
205,,,D4,50,
205,,,D5,50,
205,,,D6,50,
205,,,D7,50,
205,,,D8,50,
205,,,D9,50,
205,,,D10,50,
205,,,D11,50,
205,,,D12,50,
205,,,D13,50,
205,,,D14,50,
205,,,D15,50,
205,,,D16,50,
205,,,D17,50,
205,,,D18,50,
205,,,D19,50,
205,,,D20,50,
205,,,D21,50,
205,,,D22,50,
205,,,D23,50,
205,,,D24,50,
205,,,E1,50,
205,,,E2,50,
205,,,E3,50,
205,,,E4,50,
205,,,E5,50,
205,,,E6,50,
205,,,E7,50,
205,,,E8,50,
205,,,E9,50,
205,,,E10,50,
205,,,E11,50,
205,,,E12,50,
205,,,E13,50,
205,,,E14,50,
205,,,E15,50,
205,,,E16,50,
205,,,E17,50,
205,,,E18,50,
205,,,E19,50,
205,,,E20,50,
205,,,E21,50,
205,,,E22,50,
205,,,E23,50,
205,,,E24,50,
205,,,F1,50,
205,,,F2,50,
205,,,F3,50,
205,,,F4,50,
205,,,F5,50,
205,,,F6,50,
205,,,F7,50,
205,,,F8,50,
205,,,F9,50,
205,,,F10,50,
205,,,F11,50,
205,,,F12,50,
205,,,F13,50,
205,,,F14,50,
205,,,F15,50,
205,,,F16,50,
205,,,F17,50,
205,,,F18,50,
205,,,F19,50,
205,,,F20,50,
205,,,F21,50,
205,,,F22,50,
205,,,F23,50,
205,,,F24,50,
205,,,G1,50,
205,,,G2,50,
205,,,G3,50,
205,,,G4,50,
205,,,G5,50,
205,,,G6,50,
205,,,G7,50,
205,,,G8,50,
205,,,G9,50,
205,,,G10,50,
205,,,G11,50,
205,,,G12,50,
205,,,G13,50,
205,,,G14,50,
205,,,G15,50,
205,,,G16,50,
205,,,G17,50,
205,,,G18,50,
205,,,G19,50,
205,,,G20,50,
205,,,G21,50,
205,,,G22,50,
205,,,G23,50,
205,,,G24,50,
205,,,H1,50,
205,,,H2,50,
205,,,H3,50,
205,,,H4,50,
205,,,H5,50,
205,,,H6,50,
205,,,H7,50,
205,,,H8,50,
205,,,H9,50,
205,,,H10,50,
205,,,H11,50,
205,,,H12,50,
205,,,H13,50,
205,,,H14,50,
205,,,H15,50,
205,,,H16,50,
205,,,H17,50,
205,,,H18,50,
205,,,H19,50,
205,,,H20,50,
205,,,H21,50,
205,,,H22,50,
205,,,H23,50,
205,,,H24,50,
205,,,I1,50,
205,,,I2,50,
205,,,I3,50,
205,,,I4,50,
205,,,I5,50,
205,,,I6,50,
205,,,I7,50,
205,,,I8,50,
205,,,I9,50,
205,,,I10,50,
205,,,I11,50,
205,,,I12,50,
205,,,I13,50,
205,,,I14,50,
205,,,I15,50,
205,,,I16,50,
205,,,I17,50,
205,,,I18,50,
205,,,I19,50,
205,,,I20,50,
205,,,I21,50,
205,,,I22,50,
205,,,I23,50,
205,,,I24,50,
205,,,J1,50,
205,,,J2,50,
205,,,J3,50,
205,,,J4,50,
205,,,J5,50,
205,,,J6,50,
205,,,J7,50,
205,,,J8,50,
205,,,J9,50,
205,,,J10,50,
205,,,J11,50,
205,,,J12,50,
205,,,J13,50,
205,,,J14,50,
205,,,J15,50,
205,,,J16,50,
205,,,J17,50,
205,,,J18,50,
205,,,J19,50,
205,,,J20,50,
205,,,J21,50,
205,,,J22,50,
205,,,J23,50,
205,,,J24,50,
205,,,K1,50,
205,,,K2,50,
205,,,K3,50,
205,,,K4,50,
205,,,K5,50,
205,,,K6,50,
205,,,K7,50,
205,,,K8,50,
205,,,K9,50,
205,,,K10,50,
205,,,K11,50,
205,,,K12,50,
205,,,K13,50,
205,,,K14,50,
205,,,K15,50,
205,,,K16,50,
205,,,K17,50,
205,,,K18,50,
205,,,K19,50,
205,,,K20,50,
205,,,K21,50,
205,,,K22,50,
205,,,K23,50,
205,,,K24,50,
205,,,L1,50,
205,,,L2,50,
205,,,L3,50,
205,,,L4,50,
205,,,L5,50,
205,,,L6,50,
205,,,L7,50,
205,,,L8,50,
205,,,L9,50,
205,,,L10,50,
205,,,L11,50,
205,,,L12,50,
205,,,L13,50,
205,,,L14,50,
205,,,L15,50,
205,,,L16,50,
205,,,L17,50,
205,,,L18,50,
205,,,L19,50,
205,,,L20,50,
205,,,L21,50,
205,,,L22,50,
205,,,L23,50,
205,,,L24,50,
205,,,M1,50,
205,,,M2,50,
205,,,M3,50,
205,,,M4,50,
205,,,M5,50,
205,,,M6,50,
205,,,M7,50,
205,,,M8,50,
205,,,M9,50,
205,,,M10,50,
205,,,M11,50,
205,,,M12,50,
205,,,M13,50,
205,,,M14,50,
205,,,M15,50,
205,,,M16,50,
205,,,M17,50,
205,,,M18,50,
205,,,M19,50,
205,,,M20,50,
205,,,M21,50,
205,,,M22,50,
205,,,M23,50,
205,,,M24,50,
205,,,N1,50,
205,,,N2,50,
205,,,N3,50,
205,,,N4,50,
205,,,N5,50,
205,,,N6,50,
205,,,N7,50,
205,,,N8,50,
205,,,N9,50,
205,,,N10,50,
205,,,N11,50,
205,,,N12,50,
205,,,N13,50,
205,,,N14,50,
205,,,N15,50,
205,,,N16,50,
205,,,N17,50,
205,,,N18,50,
205,,,N19,50,
205,,,N20,50,
205,,,N21,50,
205,,,N22,50,
205,,,N23,50,
205,,,N24,50,
205,,,O1,50,
205,,,O2,50,
205,,,O3,50,
205,,,O4,50,
205,,,O5,50,
205,,,O6,50,
205,,,O7,50,
205,,,O8,50,
205,,,O9,50,
205,,,O10,50,
205,,,O11,50,
205,,,O12,50,
205,,,O13,50,
205,,,O14,50,
205,,,O15,50,
205,,,O16,50,
205,,,O17,50,
205,,,O18,50,
205,,,O19,50,
205,,,O20,50,
205,,,O21,50,
205,,,O22,50,
205,,,O23,50,
205,,,O24,50,
205,,,P1,50,
205,,,P2,50,
205,,,P3,50,
205,,,P4,50,
205,,,P5,50,
205,,,P6,50,
205,,,P7,50,
205,,,P8,50,
205,,,P9,50,
205,,,P10,50,
205,,,P11,50,
205,,,P12,50,
205,,,P13,50,
205,,,P14,50,
205,,,P15,50,
205,,,P16,50,
205,,,P17,50,
205,,,P18,50,
205,,,P19,50,
205,,,P20,50,
205,,,P21,50,
205,,,P22,50,
205,,,P23,50,
205,,,P24,50,
206,,,A1,0,
207,,,A1,50,
207,,,A2,50,
207,,,A3,50,
207,,,A4,50,
207,,,A5,50,
207,,,A6,50,
207,,,A7,50,
207,,,A8,50,
207,,,A9,50,
207,,,A10,50,
207,,,A11,50,
207,,,A12,50,
207,,,A13,50,
207,,,A14,50,
207,,,A15,50,
207,,,A16,50,
207,,,A17,50,
207,,,A18,50,
207,,,A19,50,
207,,,A20,50,
207,,,A21,50,
207,,,A22,50,
207,,,A23,50,
207,,,A24,50,
207,,,B1,50,
207,,,B2,50,
207,,,B3,50,
207,,,B4,50,
207,,,B5,50,
207,,,B6,50,
207,,,B7,50,
207,,,B8,50,
207,,,B9,50,
207,,,B10,50,
207,,,B11,50,
207,,,B12,50,
207,,,B13,50,
207,,,B14,50,
207,,,B15,50,
207,,,B16,50,
207,,,B17,50,
207,,,B18,50,
207,,,B19,50,
207,,,B20,50,
207,,,B21,50,
207,,,B22,50,
207,,,B23,50,
207,,,B24,50,
207,,,C1,50,
207,,,C2,50,
207,,,C3,50,
207,,,C4,50,
207,,,C5,50,
207,,,C6,50,
207,,,C7,50,
207,,,C8,50,
207,,,C9,50,
207,,,C10,50,
207,,,C11,50,
207,,,C12,50,
207,,,C13,50,
207,,,C14,50,
207,,,C15,50,
207,,,C16,50,
207,,,C17,50,
207,,,C18,50,
207,,,C19,50,
207,,,C20,50,
207,,,C21,50,
207,,,C22,50,
207,,,C23,50,
207,,,C24,50,
207,,,D1,50,
207,,,D2,50,
207,,,D3,50,
207,,,D4,50,
207,,,D5,50,
207,,,D6,50,
207,,,D7,50,
207,,,D8,50,
207,,,D9,50,
207,,,D10,50,
207,,,D11,50,
207,,,D12,50,
207,,,D13,50,
207,,,D14,50,
207,,,D15,50,
207,,,D16,50,
207,,,D17,50,
207,,,D18,50,
207,,,D19,50,
207,,,D20,50,
207,,,D21,50,
207,,,D22,50,
207,,,D23,50,
207,,,D24,50,
207,,,E1,50,
207,,,E2,50,
207,,,E3,50,
207,,,E4,50,
207,,,E5,50,
207,,,E6,50,
207,,,E7,50,
207,,,E8,50,
207,,,E9,50,
207,,,E10,50,
207,,,E11,50,
207,,,E12,50,
207,,,E13,50,
207,,,E14,50,
207,,,E15,50,
207,,,E16,50,
207,,,E17,50,
207,,,E18,50,
207,,,E19,50,
207,,,E20,50,
207,,,E21,50,
207,,,E22,50,
207,,,E23,50,
207,,,E24,50,
207,,,F1,50,
207,,,F2,50,
207,,,F3,50,
207,,,F4,50,
207,,,F5,50,
207,,,F6,50,
207,,,F7,50,
207,,,F8,50,
207,,,F9,50,
207,,,F10,50,
207,,,F11,50,
207,,,F12,50,
207,,,F13,50,
207,,,F14,50,
207,,,F15,50,
207,,,F16,50,
207,,,F17,50,
207,,,F18,50,
207,,,F19,50,
207,,,F20,50,
207,,,F21,50,
207,,,F22,50,
207,,,F23,50,
207,,,F24,50,
207,,,G1,50,
207,,,G2,50,
207,,,G3,50,
207,,,G4,50,
207,,,G5,50,
207,,,G6,50,
207,,,G7,50,
207,,,G8,50,
207,,,G9,50,
207,,,G10,50,
207,,,G11,50,
207,,,G12,50,
207,,,G13,50,
207,,,G14,50,
207,,,G15,50,
207,,,G16,50,
207,,,G17,50,
207,,,G18,50,
207,,,G19,50,
207,,,G20,50,
207,,,G21,50,
207,,,G22,50,
207,,,G23,50,
207,,,G24,50,
207,,,H1,50,
207,,,H2,50,
207,,,H3,50,
207,,,H4,50,
207,,,H5,50,
207,,,H6,50,
207,,,H7,50,
207,,,H8,50,
207,,,H9,50,
207,,,H10,50,
207,,,H11,50,
207,,,H12,50,
207,,,H13,50,
207,,,H14,50,
207,,,H15,50,
207,,,H16,50,
207,,,H17,50,
207,,,H18,50,
207,,,H19,50,
207,,,H20,50,
207,,,H21,50,
207,,,H22,50,
207,,,H23,50,
207,,,H24,50,
207,,,I1,50,
207,,,I2,50,
207,,,I3,50,
207,,,I4,50,
207,,,I5,50,
207,,,I6,50,
207,,,I7,50,
207,,,I8,50,
207,,,I9,50,
207,,,I10,50,
207,,,I11,50,
207,,,I12,50,
207,,,I13,50,
207,,,I14,50,
207,,,I15,50,
207,,,I16,50,
207,,,I17,50,
207,,,I18,50,
207,,,I19,50,
207,,,I20,50,
207,,,I21,50,
207,,,I22,50,
207,,,I23,50,
207,,,I24,50,
207,,,J1,50,
207,,,J2,50,
207,,,J3,50,
207,,,J4,50,
207,,,J5,50,
207,,,J6,50,
207,,,J7,50,
207,,,J8,50,
207,,,J9,50,
207,,,J10,50,
207,,,J11,50,
207,,,J12,50,
207,,,J13,50,
207,,,J14,50,
207,,,J15,50,
207,,,J16,50,
207,,,J17,50,
207,,,J18,50,
207,,,J19,50,
207,,,J20,50,
207,,,J21,50,
207,,,J22,50,
207,,,J23,50,
207,,,J24,50,
207,,,K1,50,
207,,,K2,50,
207,,,K3,50,
207,,,K4,50,
207,,,K5,50,
207,,,K6,50,
207,,,K7,50,
207,,,K8,50,
207,,,K9,50,
207,,,K10,50,
207,,,K11,50,
207,,,K12,50,
207,,,K13,50,
207,,,K14,50,
207,,,K15,50,
207,,,K16,50,
207,,,K17,50,
207,,,K18,50,
207,,,K19,50,
207,,,K20,50,
207,,,K21,50,
207,,,K22,50,
207,,,K23,50,
207,,,K24,50,
207,,,L1,50,
207,,,L2,50,
207,,,L3,50,
207,,,L4,50,
207,,,L5,50,
207,,,L6,50,
207,,,L7,50,
207,,,L8,50,
207,,,L9,50,
207,,,L10,50,
207,,,L11,50,
207,,,L12,50,
207,,,L13,50,
207,,,L14,50,
207,,,L15,50,
207,,,L16,50,
207,,,L17,50,
207,,,L18,50,
207,,,L19,50,
207,,,L20,50,
207,,,L21,50,
207,,,L22,50,
207,,,L23,50,
207,,,L24,50,
207,,,M1,50,
207,,,M2,50,
207,,,M3,50,
207,,,M4,50,
207,,,M5,50,
207,,,M6,50,
207,,,M7,50,
207,,,M8,50,
207,,,M9,50,
207,,,M10,50,
207,,,M11,50,
207,,,M12,50,
207,,,M13,50,
207,,,M14,50,
207,,,M15,50,
207,,,M16,50,
207,,,M17,50,
207,,,M18,50,
207,,,M19,50,
207,,,M20,50,
207,,,M21,50,
207,,,M22,50,
207,,,M23,50,
207,,,M24,50,
207,,,N1,50,
207,,,N2,50,
207,,,N3,50,
207,,,N4,50,
207,,,N5,50,
207,,,N6,50,
207,,,N7,50,
207,,,N8,50,
207,,,N9,50,
207,,,N10,50,
207,,,N11,50,
207,,,N12,50,
207,,,N13,50,
207,,,N14,50,
207,,,N15,50,
207,,,N16,50,
207,,,N17,50,
207,,,N18,50,
207,,,N19,50,
207,,,N20,50,
207,,,N21,50,
207,,,N22,50,
207,,,N23,50,
207,,,N24,50,
207,,,O1,50,
207,,,O2,50,
207,,,O3,50,
207,,,O4,50,
207,,,O5,50,
207,,,O6,50,
207,,,O7,50,
207,,,O8,50,
207,,,O9,50,
207,,,O10,50,
207,,,O11,50,
207,,,O12,50,
207,,,O13,50,
207,,,O14,50,
207,,,O15,50,
207,,,O16,50,
207,,,O17,50,
207,,,O18,50,
207,,,O19,50,
207,,,O20,50,
207,,,O21,50,
207,,,O22,50,
207,,,O23,50,
207,,,O24,50,
207,,,P1,50,
207,,,P2,50,
207,,,P3,50,
207,,,P4,50,
207,,,P5,50,
207,,,P6,50,
207,,,P7,50,
207,,,P8,50,
207,,,P9,50,
207,,,P10,50,
207,,,P11,50,
207,,,P12,50,
207,,,P13,50,
207,,,P14,50,
207,,,P15,50,
207,,,P16,50,
207,,,P17,50,
207,,,P18,50,
207,,,P19,50,
207,,,P20,50,
207,,,P21,50,
207,,,P22,50,
207,,,P23,50,
207,,,P24,50,
208,,,A1,0,
